1623704434482 -517 0
1623704460245 -226 1
1623704480146 -182 2
1623704500438 -134 3
1623704520387 -119 4
1623704541484 -119 5
1623704567147 -135 6
1623704596639 -124 7
1623704625955 -94 8
1623704651882 -103 9
1623704676860 -129 10
1623704703953 -127 11
1623704733655 -150 12
1623704768833 -147 13
1623704796888 -135 14
1623704829455 -139 15
1623704863019 -149 16
1623704889132 -142 17
1623704916602 -117 18
1623704944474 -116 19
1623704969856 -83 20
1623705009588 -105 21
1623705047258 -130 22
1623705080116 -129 23
1623705114465 -117 24
1623705145505 -47 25
1623705181043 -95 26
1623705215590 -80 27
1623705269445 -80 28
1623705306847 -81 29
1623705350642 -107 30
1623705393484 -113 31
1623705422345 -25 32
1623705452111 -53 33
1623705486070 -85 34
1623705517600 -126 35
1623705550396 -102 36
1623705582988 -133 37
1623705612740 -75 38
1623705641849 -77 39
1623705672421 -83 40
1623705713853 -105 41
1623705744434 -93 42
1623705785748 -67 43
1623705820860 -88 44
1623705857062 -88 45
1623705888913 -71 46
1623705924145 -65 47
1623705956974 -122 48
1623705987694 -103 49
1623706018279 -103 50
1623706049291 -81 51
1623706083500 -138 52
1623706115353 -152 53
1623706147740 -107 54
1623706181962 -125 55
1623706211206 -50 56
1623706240839 -57 57
1623706270980 -77 58
1623706312754 -84 59
1623706345776 -149 60
1623706380599 -94 61
1623706411311 -95 62
1623706439062 -85 63
1623706469878 -91 64
1623706491601 -66 65
1623706525247 -53 66
1623706549923 -77 67
1623706571702 -102 68
1623706596185 -117 69
1623706616615 -83 70
1623706635404 -92 71
1623706656552 -106 72
1623706677510 -91 73
1623706703917 -126 74
1623706734044 -83 75
1623706764988 -98 76
1623706805577 -88 77
1623706841582 -79 78
1623706874673 -97 79
1623706909185 -44 80
1623706946305 -133 81
1623706990101 -97 82
1623707029593 -118 83
1623707078201 -57 84
1623707110042 -77 85
1623707148183 -59 86
1623707182329 -103 87
1623707216735 -103 88
1623707249027 -65 89
1623707285827 -110 90
1623707314790 -138 91
1623707349015 -82 92
1623707378546 -114 93
1623707413700 -95 94
1623707450799 -70 95
1623707487724 -72 96
1623707531512 -84 97
1623707563476 -102 98
1623707624379 -78 99
1623707657859 -64 100
1623707688509 -65 101
1623707717284 -100 102
1623707758891 -99 103
1623707797429 -76 104
1623707839106 -59 105
1623707867879 -71 106
1623707916024 -27 107
1623707941805 -50 108
1623707988412 -41 109
1623708027185 -79 110
1623708058049 -82 111
1623708097564 -46 112
1623708160605 -87 113
1623708202201 -71 114
1623708236805 -84 115
1623708278848 -92 116
1623708315653 -98 117
1623708357305 -28 118
1623708399390 -89 119
1623708434756 -58 120
1623708480692 -37 121
1623708518469 -98 122
1623708563552 -60 123
1623708596984 -58 124
1623708652258 -68 125
1623708699270 -60 126
1623708735873 -70 127
1623708776567 -70 128
1623708822878 -65 129
1623708875259 -79 130
1623708921795 -87 131
1623708968244 -39 132
1623709013056 -55 133
1623709070790 -37 134
1623709141814 -67 135
1623709184083 -49 136
1623709222011 -66 137
1623709306406 -17 138
1623709350950 -73 139
1623709405253 -73 140
1623709473177 -2 141
1623709545443 7 142
1623709617283 -22 143
1623709683650 -53 144
1623709780642 -6 145
1623709854699 -89 146
1623709928328 -23 147
1623710031459 -11 148
1623710102154 -18 149
1623710229251 35 150
1623710279661 -26 151
1623710352281 -70 152
1623710411307 -39 153
1623710478116 -49 154
1623710582744 -13 155
1623710647262 -56 156
1623710778589 -13 157
1623710851536 -84 158
1623710914975 -73 159
1623710981264 -12 160
1623711039498 -30 161
1623711124720 -2 162
1623711185962 -37 163
1623711246085 5 164
1623711339765 -18 165
1623711444128 -64 166
1623711527090 -23 167
1623711574293 -79 168
1623711687756 -25 169
1623711754614 -18 170
1623711852128 86 171
1623711898903 -116 172
1623711947149 -119 173
1623711997817 -132 174
1623712046954 -7 175
1623712118443 -37 176
1623712185823 -26 177
1623712235951 -85 178
1623712274967 -93 179
1623712320037 -72 180
1623712370427 -105 181
1623712407601 -43 182
1623712452161 -90 183
1623712502761 -43 184
1623712544646 -44 185
1623712579549 -83 186
1623712613911 -93 187
1623712668993 -55 188
1623712715876 -30 189
1623712805394 13 190
1623712884932 -32 191
1623712972228 -46 192
1623713054986 -49 193
1623713092494 -61 194
1623713150417 -87 195
1623713212129 -59 196
1623713265573 -65 197
1623713314383 -47 198
1623713354137 -91 199
1623713388765 -86 200
1623713434316 -118 201
1623713471415 -64 202
1623713533226 -37 203
1623713597828 -61 204
1623713690287 -19 205
1623713720247 -113 206
1623713779760 -60 207
1623713866011 -32 208
1623713945265 -77 209
1623713981316 -52 210
1623714041684 -65 211
1623714145062 -68 212
1623714194276 -79 213
1623714259358 -67 214
1623714298909 -108 215
1623714342654 -58 216
1623714423278 -12 217
1623714468744 -32 218
1623714573260 -36 219
1623714631819 -79 220
1623714670728 -105 221
1623714715081 -88 222
1623714752370 -88 223
1623714825538 -43 224
1623714877073 -68 225
1623714933877 -59 226
1623714989510 -22 227
1623715053157 -35 228
1623715132757 -13 229
1623715191979 -24 230
1623715240414 -72 231
1623715273105 -63 232
1623715329929 -52 233
1623715426042 -22 234
1623715505435 -29 235
1623715602135 -61 236
1623715735278 29 237
1623715812577 -31 238
1623715916628 -8 239
1623715975404 -92 240
1623716086202 -59 241
1623716139750 5 242
1623716209861 2 243
1623716286673 -71 244
1623716350493 -29 245
1623716403901 -62 246
1623716461033 -42 247
1623716508220 -73 248
1623716586946 -4 249
1623716631231 -38 250
1623716665253 -78 251
1623716764961 16 252
1623716869967 15 253
1623716988938 -2 254
1623717076902 -10 255
1623717213570 9 256
1623717277365 27 257
1623717338416 33 258
1623717455103 35 259
1623717487458 -55 260
1623717510076 -112 261
1623717552349 -115 262
1623717633987 -15 263
1623717689667 -69 264
1623717749963 -49 265
1623717840609 21 266
1623717900023 1 267
1623718040311 -6 268
1623718126658 -59 269
1623718176413 -38 270
1623718329814 23 271
1623718413474 -23 272
1623718494362 -23 273
1623718555487 9 274
1623718747287 68 275
1623718877956 10 276
1623718992219 -40 277
1623719089828 -39 278
1623719210017 -31 279
1623719360977 -8 280
1623719431496 -18 281
1623719611349 -2 282
1623719718127 -34 283
1623719812262 -111 284
1623719885242 2 285
1623719975673 -15 286
1623720103370 18 287
1623720165850 -40 288
1623720213511 -58 289
1623720350796 69 290
1623720495585 54 291
1623720623030 47 292
1623720704357 -37 293
1623720866736 42 294
1623720959372 -74 295
1623721036153 10 296
1623721162432 -27 297
