1623704434512 -89.33310522529612 0
1623704460270 -89.33310522529612 1
1623704480170 -93.44880596561923 2
1623704500463 -71.66928856790167 3
1623704520409 -71.66928856790167 4
1623704541522 -82.5340646824541 5
1623704567184 -82.5340646824541 6
1623704596673 -66.2946389906377 7
1623704625991 -59.80295815604527 8
1623704651918 -59.80295815604527 9
1623704676894 -71.34697091640453 10
1623704703987 -74.8647405226479 11
1623704733693 -74.8647405226479 12
1623704768873 -84.32375767649513 13
1623704796922 -75.57436226349795 14
1623704829496 -75.57436226349795 15
1623704863055 -99.79317020454683 16
1623704889169 -85.9591332163011 17
1623704916630 -52.61075883131792 18
1623704944501 -52.61075883131792 19
1623704969891 7.146738913835134 20
1623705009635 7.146738913835134 21
1623705047291 -29.998262462306354 22
1623705080152 -29.998262462306354 23
1623705114498 -82.80566777644847 24
1623705145541 -0.33534114296384415 25
1623705181077 -0.33534114296384415 26
1623705215627 17.124534629687094 27
1623705269477 17.124534629687094 28
1623705306880 61.60376918475667 29
1623705350677 -47.7580481044986 30
1623705393521 -49.45192175802883 31
