1623704434461 -1595.209951498875 0
1623704460205 -557.4076613705232 1
1623704480122 -493.00880956122427 2
1623704500415 -498.04057665784603 3
1623704520362 -233.4160842221915 4
1623704541446 -132.94906019475707 5
1623704567110 -145.71565472236847 6
1623704596605 -148.65223048396425 7
1623704625920 -146.49606612656174 8
1623704651846 -125.04095320788562 9
1623704676823 -157.66085500883963 10
1623704703920 -137.16915756569546 11
1623704733603 -184.79926635093022 12
1623704768795 -199.76270178064993 13
1623704796853 -195.682953836999 14
1623704829417 -167.37724277506342 15
1623704862983 -270.617190942737 16
1623704889096 -225.9041386590934 17
1623704916572 -136.68997751104433 18
1623704944444 -166.05346378032758 19
1623704969821 -115.6103969512742 20
1623705009512 -194.29800315692873 21
1623705047225 -183.60356299319554 22
1623705080078 -175.73278855945173 23
1623705114427 -151.37571170666152 24
1623705145470 -86.7122280357674 25
1623705181009 -145.30353534099856 26
1623705215551 -119.68962557483697 27
1623705269412 -129.01527237089164 28
1623705306815 -145.6037524099784 29
1623705350608 -178.04089450962232 30
1623705393447 -161.0473869073848 31
