1623754097704 -578.9389411016259 0
1623754132825 -283.30516890978424 1
1623754158842 -217.67624678430693 2
1623754178283 -134.32136948330125 3
1623754198923 -154.0264608341762 4
1623754219016 -132.35862504591722 5
1623754240973 -135.48996037727227 6
1623754259050 -98.42471163755589 7
1623754278164 -107.61107072852836 8
1623754293519 -104.62231424724743 9
1623754312113 -112.83160522121393 10
1623754327525 -115.81273777268366 11
1623754343992 -143.59805955651737 12
1623754363356 -127.80364115109583 13
1623754381844 -143.0875399276775 14
1623754400283 -125.02808745445267 15
1623754421322 -105.85637310478816 16
1623754439872 -143.67946980804362 17
1623754458000 -135.13786069756077 18
1623754475581 -134.7791198611244 19
1623754495754 -133.17336356570132 20
1623754514796 -146.2785279833297 21
1623754534748 -137.6642786565005 22
1623754553874 -102.96372146942974 23
1623754573013 -134.31618499385831 24
1623754590278 -103.71319254433456 25
1623754608029 -120.23656065016536 26
1623754625736 -129.1771567834289 27
1623754645111 -137.28449545213007 28
1623754666932 -112.04011959685614 29
1623754687403 -106.76716160629555 30
1623754708800 -116.16806460935749 31
1623754729780 -109.03638736691818 32
1623754749925 -127.21318963662584 33
1623754769731 -153.0294916699632 34
1623754792489 -97.91563231437685 35
1623754817003 -117.31795589419973 36
1623754836645 -101.05264459252331 37
1623754857642 -138.06360638890916 38
1623754876696 -89.91577731692009 39
1623754893098 -89.53938682547503 40
1623754914458 -137.17416952388476 41
1623754935780 -98.94173371986497 42
1623754959610 -113.42866430767546 43
1623754978716 -121.59928551469466 44
1623754997349 -123.00977545401943 45
1623755018369 -100.64616788405363 46
1623755042185 -118.58219564481148 47
1623755064181 -114.55751289958508 48
1623755085998 -126.69115776404968 49
1623755105436 -85.75942283088126 50
1623755125776 -95.83223214879992 51
1623755144749 -111.52076687872668 52
1623755164425 -94.22367914294269 53
1623755184426 -105.69205640039333 54
1623755206653 -111.6788742333424 55
1623755233584 -99.93748051305747 56
1623755254206 -138.12875969188525 57
1623755272824 -111.43883017085638 58
1623755292686 -122.03037265467592 59
1623755312687 -104.94873659476748 60
1623755338141 -121.99534628086649 61
1623755363200 -99.57418345496043 62
1623755387682 -108.41730670977815 63
1623755408962 -136.88591691192138 64
1623755429163 -87.81229960845921 65
1623755451697 -132.4108096457224 66
1623755473340 -102.4371818714642 67
1623755496884 -91.20873063279114 68
1623755518056 -98.58667474008078 69
1623755537672 -108.4205061436633 70
1623755556882 -106.8269924787602 71
1623755577013 -114.29705768665919 72
1623755602928 -103.79605625698034 73
1623755623977 -136.01902084064395 74
1623755647236 -114.34898532127013 75
1623755668420 -95.07359579977579 76
1623755688492 -145.03414719284467 77
1623755707075 -121.45965552767248 78
1623755728142 -148.57894473658223 79
1623755744589 -73.20922795236793 80
1623755766477 -119.37922276260497 81
1623755790469 -110.14698683097087 82
1623755809201 -105.46603750532087 83
1623755829098 -128.85736578758002 84
1623755850169 -148.5995448495134 85
1623755871514 -99.2290372128356 86
1623755891625 -103.98751352605325 87
1623755911646 -100.84514986598506 88
1623755936550 -92.27064190100081 89
1623755958676 -117.14869855993825 90
1623755985989 -101.97174795931845 91
1623756009646 -108.83266812195853 92
1623756031690 -118.07389194125203 93
1623756053414 -158.57865493649933 94
1623756074549 -100.70300967695606 95
1623756097957 -112.42073842637951 96
1623756123329 -78.45254505286722 97
1623756149339 -82.79265371047363 98
1623756171242 -101.99372640135387 99
1623756193456 -96.96325119542827 100
1623756215041 -115.2997339406235 101
1623756237917 -94.26769627713007 102
1623756257153 -121.50444113150988 103
1623756278592 -84.71088511623422 104
1623756298985 -118.71004187073231 105
1623756318105 -84.61343073007895 106
1623756343242 -109.67911131276021 107
1623756365925 -110.81668303228221 108
1623756389457 -144.56722845835986 109
1623756412021 -114.54342507476318 110
1623756434950 -152.11786835248438 111
1623756457900 -172.3742401200609 112
1623756480426 -146.3482698037202 113
1623756504205 -86.20241107135334 114
1623756527622 -102.60125706488947 115
1623756552457 -120.25176655858733 116
1623756578026 -105.15875299165153 117
1623756599005 -84.49968954658087 118
1623756623119 -86.71012494162296 119
1623756653527 -43.092976393227666 120
1623756678412 -94.18198959962812 121
1623756701526 -84.70335629825746 122
1623756726255 -123.59108223439605 123
1623756748923 -91.07599808732778 124
1623756770780 -94.37992898550134 125
1623756791385 -110.46482554337067 126
1623756811937 -95.49219621749751 127
1623756834456 -89.37438152619494 128
1623756856276 -100.78067840243979 129
1623756881867 -112.52415081345539 130
1623756905101 -109.90439997016234 131
1623756929769 -124.97248441691657 132
1623756953810 -105.52356452134889 133
1623756978815 -102.27045442944728 134
1623757001285 -93.35143330213539 135
1623757028589 -123.53124842013217 136
1623757056415 -66.65831735857913 137
1623757079794 -87.28720337535941 138
1623757104611 -105.10619186610347 139
1623757126702 -112.55429488730749 140
1623757152352 -113.69972230527763 141
1623757178473 -154.1732813376555 142
1623757200994 -108.38286861912118 143
1623757223863 -152.71236812088281 144
1623757245213 -105.08108364068096 145
1623757266326 -94.70166711625814 146
1623757287091 -110.68683177268605 147
1623757306884 -80.15922685561037 148
1623757327534 -103.17102289858343 149
1623757350968 -117.0838962561625 150
1623757373023 -114.22356391537858 151
1623757392983 -99.51070060524238 152
1623757418146 -91.10100324206314 153
1623757437746 -103.66905827797407 154
1623757458794 -104.93610539336245 155
1623757481113 -127.63193708078502 156
1623757500826 -85.90525607236903 157
1623757522363 -113.44261544210192 158
1623757543645 -119.2309564172717 159
1623757564516 -114.85770841205306 160
1623757587945 -102.50781287082035 161
1623757609402 -103.39923778334155 162
1623757634043 -123.72122100951546 163
1623757657044 -102.4245339897172 164
1623757680081 -109.84958180122781 165
1623757700848 -122.60439974314522 166
1623757719360 -132.27013016780856 167
1623757741124 -125.52243987920379 168
1623757766272 -87.82923942196442 169
1623757788896 -102.61539352161863 170
1623757810132 -96.00653988195633 171
1623757833792 -125.0922683571851 172
1623757860381 -95.82106753030304 173
1623757884309 -146.01059005782705 174
1623757907696 -145.6552793417236 175
1623757930625 -119.90977760704398 176
1623757956874 -116.92385164573679 177
1623757979737 -94.73925936443237 178
1623758005489 -113.0518763363332 179
1623758029079 -100.88708536546186 180
1623758053286 -80.48692363122258 181
1623758075998 -121.32188753164168 182
1623758099270 -116.59401476600947 183
1623758119518 -114.19912120384139 184
1623758143450 -117.79085936976917 185
1623758167796 -92.21847523307224 186
1623758192435 -114.05079669082937 187
1623758219928 -124.68858132683367 188
1623758242469 -125.60545581102048 189
1623758265171 -100.60159758973349 190
1623758288271 -95.8167964386537 191
1623758316300 -98.36801642982611 192
1623758339824 -98.31232091423745 193
1623758364950 -101.28824437874906 194
1623758390135 -111.89171387919527 195
1623758413977 -97.56646426301145 196
1623758441265 -97.03941987851503 197
1623758468128 -79.29881682915719 198
1623758491671 -111.20581994658913 199
1623758515685 -109.92567222978289 200
1623758546118 -55.37676329925963 201
1623758569758 -82.94427507298687 202
1623758599260 -105.83512883515739 203
1623758624489 -118.05558376777998 204
1623758648279 -160.0562261628155 205
1623758673586 -94.24249637113832 206
1623758696489 -116.65064207241117 207
1623758720277 -91.6099835826797 208
1623758742057 -84.87706932462284 209
1623758765122 -132.06040107832433 210
1623758787010 -143.45076455222224 211
1623758809197 -102.90702524018324 212
1623758829661 -109.45112197480792 213
1623758850594 -128.049188406002 214
1623758873530 -100.39978742834684 215
1623758893839 -112.73565552072847 216
1623758918914 -103.51273909261583 217
1623758941037 -92.05518962960805 218
1623758960012 -115.57593260647462 219
1623758979367 -111.2881659809326 220
1623759001369 -121.84841951828238 221
1623759026209 -89.19229957040201 222
1623759051467 -87.49438625982448 223
1623759075903 -102.04820913662583 224
1623759099675 -127.43417862317725 225
1623759123278 -90.40651152624146 226
1623759152066 -122.66879834573493 227
1623759177561 -106.32353140748022 228
1623759201647 -88.56197713702419 229
1623759222825 -100.01950265592711 230
1623759247361 -101.70563045887917 231
1623759272958 -96.18978303812264 232
1623759295626 -78.99011782150014 233
1623759318112 -77.08461968006178 234
1623759343644 -62.83523844743655 235
1623759365351 -82.42699337282224 236
1623759388378 -105.2604153855858 237
1623759408116 -136.04255953142794 238
1623759426564 -110.1482242321205 239
1623759446940 -127.77931395443049 240
1623759468127 -128.91605925537226 241
1623759487037 -124.88435472774829 242
1623759508294 -98.6102934324309 243
1623759526533 -81.61414962527904 244
1623759545824 -113.03304805496235 245
1623759570001 -90.16394234190653 246
1623759590651 -80.8951993649435 247
1623759610980 -84.39328209474306 248
1623759630274 -117.85684625156253 249
1623759652439 -94.76290068305079 250
1623759673129 -96.38598847275104 251
1623759697775 -98.43549188972771 252
1623759719011 -107.92905322599732 253
1623759738838 -66.52431598121592 254
1623759760122 -105.9673971430223 255
1623759783145 -80.5761263347502 256
1623759805799 -99.15271520988979 257
1623759828089 -100.95603736296965 258
1623759848199 -119.26169134953012 259
1623759868663 -121.58765885162146 260
1623759887987 -101.46425689136942 261
1623759909434 -95.66200559196248 262
1623759930365 -75.47703790489152 263
1623759952210 -91.14826933534137 264
1623759974290 -110.093609526597 265
1623759999535 -109.45150653425122 266
1623760024271 -61.0076804062245 267
1623760049433 -82.84112357169684 268
1623760073101 -114.86112744220416 269
1623760099382 -93.61317242622428 270
1623760122097 -113.24336508626706 271
1623760145100 -110.63233596839714 272
1623760164291 -142.2992178416768 273
1623760185774 -125.09727305958333 274
1623760205219 -81.12790635985853 275
1623760224660 -105.9856354259128 276
1623760245688 -144.88243215390378 277
1623760265655 -90.26539912869275 278
1623760288613 -76.47800220080441 279
1623760308054 -80.00812832047819 280
1623760327942 -83.20495780903234 281
1623760349978 -71.68961561394252 282
1623760371684 -127.19785863069481 283
1623760392574 -127.63163686966587 284
1623760411479 -130.9703821068798 285
1623760428688 -107.32706260624173 286
1623760450235 -101.7496118229555 287
1623760469555 -110.27295581043812 288
1623760488567 -111.39702123494091 289
1623760507723 -138.52448271416023 290
1623760526373 -108.01624941874947 291
1623760545489 -117.91490771834188 292
1623760563142 -134.0853026716706 293
1623760584574 -126.21073483524164 294
1623760602769 -130.45633857677092 295
1623760623300 -102.20127591739156 296
1623760643381 -80.90302890786002 297
1623760663933 -93.07212365466265 298
1623760683728 -111.63474002362898 299
1623760707640 -139.62643960388925 300
1623760729463 -129.41948344204286 301
1623760750649 -156.87183168127672 302
1623760770888 -127.81234227913163 303
1623760791898 -136.34911616235743 304
1623760812631 -114.32626785561988 305
1623760833267 -76.68120008935624 306
1623760854955 -97.06292132676845 307
1623760878793 -93.41644909921338 308
1623760900861 -124.46773433073538 309
1623760920461 -82.02195336195072 310
1623760941149 -88.28253638855098 311
1623760964101 -132.7561362107149 312
1623760984312 -117.80536831773242 313
1623761007328 -114.13269161823092 314
1623761031074 -98.93692963025114 315
1623761051831 -99.27247139374008 316
1623761072936 -68.85305177702924 317
1623761095781 -101.06637874834179 318
1623761116346 -138.36753821990362 319
1623761149650 -104.73284459421355 320
1623761177020 -113.76049747011693 321
1623761203577 -127.54456501514531 322
1623761223619 -120.13478542351359 323
1623761248328 -70.68451283867677 324
1623761272147 -96.06770045770338 325
1623761295089 -108.18786333107157 326
1623761319878 -137.91340553008163 327
1623761343728 -126.46688690064676 328
1623761369256 -117.87482611390327 329
1623761392514 -97.49085305794128 330
1623761417671 -96.76058791661715 331
1623761441085 -122.04258680627957 332
1623761470747 -105.90171486253377 333
1623761495947 -130.04114390402833 334
1623761530637 -116.8609391402702 335
1623761557511 -117.66630808470916 336
1623761583478 -123.507341038022 337
1623761607252 -117.41048614465237 338
1623761629953 -110.97014043935484 339
1623761652371 -100.86075909565547 340
1623761673866 -96.34654323242707 341
1623761701023 -110.88005328816031 342
1623761730073 -77.65565177695893 343
1623761758616 -65.77839225778011 344
1623761782657 -113.62469559689019 345
1623761806170 -106.34924277596728 346
1623761835581 -90.17398071195332 347
1623761859238 -98.15446897344468 348
1623761884191 -104.91410124992964 349
1623761910782 -103.80690470495088 350
1623761935432 -146.15204740864954 351
1623761959579 -98.08646968938162 352
1623761988847 -121.08072169958918 353
1623762014444 -101.81699326998275 354
1623762042640 -97.21723662145524 355
1623762067144 -131.1208527917648 356
1623762090643 -91.70421756317664 357
1623762113534 -127.12791838058243 358
1623762136991 -80.77055867408082 359
1623762162186 -94.27156972583069 360
1623762187312 -151.46200057545093 361
1623762210736 -112.16449436066883 362
1623762233091 -92.92635679659865 363
1623762254548 -82.0504659331016 364
1623762282418 -88.7101542823416 365
1623762308574 -50.44264799228011 366
1623762331174 -84.91656995696762 367
1623762358414 -112.55442913510049 368
1623762382671 -92.04607452104952 369
1623762406158 -91.14395972058938 370
1623762428566 -102.5313889453902 371
1623762452252 -107.43499099097944 372
1623762471879 -128.2647208199547 373
1623762494721 -90.7173608385648 374
1623762516604 -148.9729675624414 375
1623762540168 -144.26241948011463 376
1623762559965 -113.07045723125003 377
1623762577538 -119.08496824308692 378
1623762600807 -109.16806784316714 379
1623762621857 -115.6389351159272 380
1623762647056 -85.94656856620239 381
1623762674983 -109.17661586278085 382
1623762702509 -102.2553792143819 383
1623762725592 -85.03813780294433 384
1623762749763 -88.30183705266903 385
1623762771769 -95.6236504829775 386
1623762795644 -102.90367305429768 387
1623762818516 -99.53640797009501 388
1623762842360 -117.30578314952434 389
1623762868371 -124.1652920973891 390
1623762891803 -155.06017899598578 391
1623762917936 -111.38366015553584 392
1623762940345 -132.88670509549524 393
1623762961535 -111.75259282136754 394
1623762983564 -134.6171573162052 395
1623763007358 -116.18935856049376 396
1623763028079 -128.9024671054726 397
1623763049327 -140.60209792456885 398
1623763071708 -97.84857860567288 399
