1623754097723 -139.1633719043803 0
1623754132846 -103.90884913808786 1
1623754158863 -103.90884913808786 2
1623754178303 -80.16952174749186 3
1623754198944 -80.16952174749186 4
1623754219038 -73.54051687862663 5
1623754240993 -94.23257737838026 6
1623754259069 -70.11478069754736 7
1623754278183 -58.045203443973904 8
1623754293540 -58.045203443973904 9
1623754312133 -93.8318033278499 10
1623754327544 -76.39501052875173 11
1623754344017 -98.20669405085175 12
1623754363376 -73.0816714674612 13
1623754381864 -73.0816714674612 14
1623754400303 -80.09847010858273 15
1623754421342 -74.92189195875233 16
1623754439892 -75.45248804198512 17
1623754458020 -88.14409110064791 18
1623754475601 -79.01913939100038 19
1623754495774 -73.36468476235692 20
1623754514816 -35.7027617222139 21
1623754534768 -64.29350597751902 22
1623754553894 -5.892439198860612 23
1623754573033 -35.526925221726735 24
1623754590298 -47.604002939786675 25
1623754608049 -59.15041664583008 26
1623754625756 -74.90071315135248 27
1623754645130 -73.62467577590715 28
1623754666950 -66.87555266310063 29
1623754687424 -45.38651714497273 30
1623754708820 -60.205578997163556 31
1623754729801 -51.1520005167351 32
1623754749945 -51.1520005167351 33
1623754769752 -77.19989047381213 34
1623754792510 -29.531971038291296 35
1623754817022 -29.531971038291296 36
1623754836664 -43.62223407618576 37
1623754857662 -18.63718911270003 38
1623754876716 27.782542935218874 39
1623754893118 -11.133541189463221 40
1623754914478 -46.08856972722417 41
1623754935800 1.295372315759164 42
1623754959630 1.295372315759164 43
1623754978736 -34.88208727290587 44
1623754997368 -78.30777193289721 45
1623755018389 -15.177216969388397 46
1623755042206 -24.50136405615455 47
1623755064200 -33.57397955160358 48
1623755086018 -10.192485406123302 49
1623755105455 40.093500450908344 50
1623755125796 40.093500450908344 51
1623755144770 -62.76905963245024 52
1623755164445 -45.58902080143612 53
1623755184445 -54.91671734988823 54
1623755206673 -62.94647969626145 55
1623755233604 -45.255079697087965 56
1623755254226 -45.255079697087965 57
1623755272844 -65.37828169010041 58
1623755292706 -65.37828169010041 59
1623755312707 6.178429279489222 60
1623755338160 6.178429279489222 61
1623755363221 -8.64975846772009 62
1623755387702 -8.64975846772009 63
1623755408983 -79.5636265504348 64
1623755429183 -14.609815975156627 65
1623755451717 -14.609815975156627 66
1623755473361 -39.27693390478604 67
1623755496905 -39.27693390478604 68
1623755518077 -49.59440405607133 69
1623755537693 -59.933709907324825 70
1623755556902 -16.542705504406193 71
1623755577033 -41.72672537494388 72
1623755602948 8.546778975246593 73
1623755623997 8.546778975246593 74
1623755647257 -20.7308301403692 75
1623755668440 -20.7308301403692 76
1623755688512 -24.404022132158538 77
1623755707096 -56.7545040454217 78
1623755728161 -64.95081124605498 79
1623755744610 -0.21507046200005817 80
1623755766496 -0.21507046200005817 81
1623755790488 -61.532378307599004 82
1623755809221 11.607220885284892 83
1623755829117 11.607220885284892 84
1623755850189 -96.13106480307219 85
1623755871534 0.26315264922579046 86
1623755891646 0.26315264922579046 87
1623755911667 8.967838966998958 88
1623755936570 6.59605947575505 89
1623755958698 6.59605947575505 90
1623755986008 75.13134093817268 91
1623756009666 6.190184559888758 92
1623756031710 -5.207590310364765 93
1623756053434 -5.207590310364765 94
1623756074569 -4.471864904176064 95
1623756097977 -4.471864904176064 96
1623756123348 -5.474408383909773 97
1623756149360 -5.474408383909773 98
1623756171263 -36.17781907833425 99
1623756193477 -7.607721725810757 100
1623756215061 -5.132900964272556 101
1623756237936 -35.12012108699828 102
1623756257174 -40.874928685383146 103
1623756278613 -13.883828764805411 104
1623756299005 -41.97001813753578 105
1623756318125 -43.65814922139633 106
1623756343262 -31.210729465800625 107
1623756365945 -31.22019111358522 108
1623756389479 -38.3013319940402 109
1623756412042 -71.3476073797577 110
1623756434970 -71.3476073797577 111
1623756457922 -83.25786639157968 112
1623756480448 -82.62130301083431 113
1623756504225 -12.877281230238983 114
1623756527643 -12.877281230238983 115
1623756552478 -26.635855556770007 116
1623756578047 -26.635855556770007 117
1623756599027 2.5842218933893606 118
1623756623142 59.66886477911525 119
1623756653548 59.66886477911525 120
1623756678433 45.58117308938613 121
1623756701548 -22.190744606009034 122
1623756726275 31.580429930634704 123
1623756748945 31.580429930634704 124
1623756770804 -6.04752306407097 125
1623756791407 -45.90225603975794 126
1623756811958 -24.882855290878766 127
1623756834477 -24.882855290878766 128
1623756856298 -13.903103657541669 129
1623756881891 -13.903103657541669 130
1623756905123 -33.86107138609349 131
1623756929791 5.063861488382116 132
1623756953832 -14.57947377848553 133
1623756978837 41.66348393608014 134
1623757001307 41.66348393608014 135
1623757028613 42.70653026110468 136
1623757056436 39.93565052320618 137
1623757079818 14.34225184249612 138
1623757104633 3.5343274369518527 139
1623757126726 -53.37713619306932 140
1623757152374 -47.524198916445 141
1623757178494 -59.749429688088654 142
1623757201015 -54.73335189758285 143
1623757223885 -59.025878199678324 144
1623757245236 -4.957664293819855 145
1623757266349 -4.957664293819855 146
1623757287113 -40.144885750080576 147
1623757306905 -11.86426852991529 148
1623757327557 -11.86426852991529 149
1623757350988 -50.37569703564001 150
1623757373046 -17.407298577572963 151
1623757393006 -17.732129897647617 152
1623757418168 -19.117655286437326 153
1623757437767 0.527670436484209 154
1623757458816 -44.36282786966509 155
1623757481135 -21.41699061336663 156
1623757500847 -8.684815762882598 157
1623757522385 -21.000589915530224 158
1623757543668 -4.642334788869834 159
1623757564540 -1.5516189525430264 160
1623757587967 -1.5516189525430264 161
1623757609424 -12.084857309253971 162
1623757634065 7.3909524520481344 163
1623757657068 7.3909524520481344 164
1623757680103 -46.29865943794435 165
1623757700872 -0.821882874712378 166
1623757719383 -0.821882874712378 167
1623757741146 -65.28259146325716 168
1623757766294 16.288427989276038 169
1623757788917 16.288427989276038 170
1623757810156 15.214556442372828 171
1623757833815 15.214556442372828 172
1623757860404 -37.932679435432135 173
1623757884331 -26.41181495798848 174
1623757907718 -84.96020238701264 175
1623757930648 -50.033897754729296 176
1623757956896 -46.01322404230399 177
1623757979761 -25.28151251397319 178
1623758005513 -20.745116225020997 179
1623758029101 -37.76795195463582 180
1623758053308 51.31048264361509 181
1623758076023 51.31048264361509 182
1623758099293 -73.95247409857527 183
1623758119543 -32.381429060749824 184
1623758143476 -45.45115827439912 185
1623758167820 -20.02422737622573 186
1623758192458 12.14790302796302 187
1623758219952 -70.7289871594661 188
1623758242495 -40.18402665412188 189
1623758265194 -20.34480277034023 190
1623758288294 -14.308105894283074 191
1623758316330 -9.03471096145652 192
1623758339849 -1.6002389954322722 193
1623758364980 1.042208048710694 194
1623758390173 -3.769301858983357 195
1623758414001 28.29948490585614 196
1623758441289 28.29948490585614 197
1623758468152 -6.918642902074066 198
1623758491697 -6.918642902074066 199
1623758515708 -46.393093170974296 200
1623758546144 66.3418331439026 201
1623758569781 66.3418331439026 202
1623758599285 14.316801715563802 203
1623758624515 -54.69971607210067 204
1623758648302 -41.54963054937995 205
1623758673608 -27.50729526110888 206
1623758696511 -43.54625673835171 207
1623758720307 14.572333394515983 208
1623758742081 47.96329051312739 209
1623758765144 47.96329051312739 210
1623758787034 -60.36704462797203 211
1623758809220 -11.490056466604248 212
1623758829683 -11.490056466604248 213
1623758850617 14.100846529434563 214
1623758873554 -31.73295533199256 215
1623758893864 -45.01950191045658 216
1623758918938 -27.638401383186885 217
1623758941061 -52.57566133688821 218
1623758960035 -52.57566133688821 219
1623758979390 -40.53177795649289 220
1623759001391 -39.127936714882296 221
1623759026234 -33.68944795989443 222
1623759051493 -41.1742015218725 223
1623759075927 -56.42005187988366 224
1623759099699 -56.80908670291802 225
1623759123307 4.513861869018302 226
1623759152097 4.513861869018302 227
1623759177585 -59.34452564803276 228
1623759201672 -31.74572453459347 229
1623759222848 -3.5373657190015537 230
1623759247385 -3.5373657190015537 231
1623759272981 -50.51764941386923 232
1623759295649 36.735580810462274 233
1623759318136 36.735580810462274 234
1623759343666 19.13159144191165 235
1623759365373 29.02411479408507 236
1623759388400 29.02411479408507 237
1623759408143 -76.18749054876227 238
1623759426586 -42.104069946992354 239
1623759446965 -54.8819524159433 240
1623759468151 -28.93637477207314 241
1623759487059 -81.15123419312627 242
1623759508317 -56.21976728605764 243
1623759526556 -32.610907953707255 244
1623759545848 -32.610907953707255 245
1623759570025 -42.12873267692562 246
1623759590676 -38.312356419840796 247
1623759611003 15.881626077224174 248
1623759630296 15.881626077224174 249
1623759652461 -29.506115584272585 250
1623759673152 1.4383752807509154 251
1623759697799 1.4383752807509154 252
1623759719034 -37.118644077765126 253
1623759738862 13.674365236662823 254
1623759760150 13.674365236662823 255
1623759783168 7.916200810208153 256
1623759805823 1.6104084438248265 257
1623759828113 -21.570440855554782 258
1623759848222 -37.73856978940485 259
1623759868687 -38.771202434569624 260
1623759888010 -49.48858159764606 261
1623759909456 -40.70536099040875 262
1623759930388 -35.60659666073684 263
1623759952233 -31.73451996237361 264
1623759974312 -31.73451996237361 265
1623759999559 -32.73247302452041 266
1623760024295 12.614290695106027 267
1623760049456 12.614290695106027 268
1623760073124 -1.8773158726429018 269
1623760099406 -43.40496192847527 270
1623760122121 -43.40496192847527 271
1623760145123 10.478106771266738 272
1623760164316 10.478106771266738 273
1623760185798 -32.975756411422694 274
1623760205243 -20.636640555865725 275
1623760224684 -20.636640555865725 276
1623760245713 -75.75608899436278 277
1623760265679 -42.74245150067501 278
1623760288636 -14.862038208495473 279
1623760308078 -14.862038208495473 280
1623760327966 -37.338256071029306 281
1623760350003 -19.15861825596923 282
1623760371707 -24.200790194022893 283
1623760392596 -41.18211281073368 284
1623760411503 -41.18211281073368 285
1623760428711 -70.33352278978776 286
1623760450257 -50.67371649304341 287
1623760469578 -41.05886046962708 288
1623760488592 -49.37320354547019 289
1623760507749 -76.07455361834786 290
1623760526396 -72.34187500755809 291
1623760545511 -72.34187500755809 292
1623760563169 -81.07429296799744 293
1623760584599 -95.10112938588904 294
1623760602791 -75.6039829069793 295
1623760623323 -39.19439641480567 296
1623760643405 13.516051647538367 297
1623760663958 -45.10875700220519 298
1623760683751 -63.2185724341051 299
1623760707664 -63.2185724341051 300
1623760729487 -63.21429709014848 301
1623760750672 -65.03074145803416 302
1623760770910 -97.70401780845883 303
1623760791920 -38.719636247318434 304
1623760812653 -38.719636247318434 305
1623760833290 3.953778794998885 306
1623760854978 3.953778794998885 307
1623760878816 -39.62927777502528 308
1623760900884 -39.62927777502528 309
1623760920484 -14.598210002231212 310
1623760941173 -14.598210002231212 311
1623760964124 -55.08534407331101 312
1623760984334 -38.52736922299742 313
1623761007351 -26.370463455447826 314
1623761031097 65.02721698436633 315
1623761051855 20.179026718794375 316
1623761072960 33.147190428510996 317
1623761095808 33.147190428510996 318
1623761116370 -11.328827924042013 319
1623761149691 -26.109243609799943 320
1623761177062 -26.109243609799943 321
1623761203600 -42.4990826667548 322
1623761223643 -91.34268304207998 323
1623761248355 41.393546887325115 324
1623761272170 41.393546887325115 325
1623761295114 -57.90566295142882 326
1623761319911 -79.85153345638815 327
1623761343761 -80.76102844598712 328
1623761369282 -78.74185325592153 329
1623761392541 -64.998405743365 330
1623761417694 1.4396625440247532 331
1623761441111 1.4396625440247532 332
1623761470774 -1.5984168712901918 333
1623761495971 -1.5984168712901918 334
1623761530667 -55.11911497811909 335
1623761557547 -55.11911497811909 336
1623761583520 -28.64780781374601 337
1623761607285 -28.64780781374601 338
1623761629978 -66.73034419538166 339
1623761652398 -25.64423806933225 340
1623761673892 -53.50458366862633 341
1623761701047 -6.474053872479987 342
1623761730099 -6.474053872479987 343
1623761758640 16.192868597653444 344
1623761782682 16.192868597653444 345
1623761806200 -58.650024406336044 346
1623761835614 -34.05769482383878 347
1623761859265 -34.05769482383878 348
1623761884216 -50.12988618592059 349
1623761910810 -6.454924009054205 350
1623761935457 -35.24374481891108 351
1623761959604 -50.92264697064529 352
1623761988871 -43.5851773853219 353
1623762014469 -22.50411799927165 354
1623762042663 -6.860384173877452 355
1623762067173 -6.860384173877452 356
1623762090675 -22.938683509508405 357
1623762113560 -22.938683509508405 358
1623762137017 17.805919560311985 359
1623762162215 17.805919560311985 360
1623762187335 -18.825839107566306 361
1623762210762 -22.62317540642381 362
1623762233115 -29.149074307169776 363
1623762254572 -9.6367004088716 364
1623762282444 -32.35125779965266 365
1623762308601 23.487812839777117 366
1623762331199 23.487812839777117 367
1623762358439 -20.108711650527546 368
1623762382697 -14.889157580411085 369
1623762406181 -14.889157580411085 370
1623762428590 -38.792778138137976 371
1623762452279 -38.792778138137976 372
1623762471907 -58.858760720471864 373
1623762494746 -38.97085077493357 374
1623762516628 -44.61757485633277 375
1623762540193 -57.240121636554285 376
1623762559991 -42.84039950893744 377
1623762577570 -42.84039950893744 378
1623762600832 -25.698616263566283 379
1623762621882 -70.92272771999207 380
1623762647081 -10.967603808250468 381
1623762675012 -10.967603808250468 382
1623762702534 -28.318194653675327 383
1623762725625 20.409918562729302 384
1623762749789 10.855067054849144 385
1623762771794 -20.69370180050659 386
1623762795670 -54.2856262603407 387
1623762818542 4.30059599708535 388
1623762842384 -0.14515742207074425 389
1623762868396 -66.50084076569829 390
1623762891832 -75.37391246085147 391
1623762917969 -62.42668429996023 392
1623762940369 -67.35660886643271 393
1623762961567 -68.22231191276933 394
1623762983589 -68.22231191276933 395
1623763007381 -56.1631592445979 396
1623763028103 -56.1631592445979 397
1623763049353 -92.13932985751931 398
1623763071734 13.732356199241389 399
