1623754097684 -1158.325138245941 0
1623754132804 -557.9344141866522 1
1623754158822 -554.693552527179 2
1623754178262 -238.4652227664767 3
1623754198902 -166.32474264924267 4
1623754218994 -145.3940695461515 5
1623754240950 -138.3957249410968 6
1623754259030 -121.8635732963522 7
1623754278145 -142.62249407947607 8
1623754293499 -106.79049348500928 9
1623754312093 -114.96617269424496 10
1623754327505 -117.16097703071027 11
1623754343972 -150.52555220040662 12
1623754363336 -129.27777380735984 13
1623754381823 -151.91224023053766 14
1623754400262 -126.30878068010604 15
1623754421302 -131.98554972482586 16
1623754439852 -156.2083127705256 17
1623754457979 -157.1131965121169 18
1623754475561 -140.3685637481904 19
1623754495734 -188.4635206715349 20
1623754514777 -222.56948652481668 21
1623754534728 -198.7817847269875 22
1623754553854 -112.50428432262302 23
1623754572993 -208.49877458909765 24
1623754590258 -116.93360220629896 25
1623754608008 -198.177494135475 26
1623754625715 -183.80085452527928 27
1623754645090 -289.3810608569979 28
1623754666911 -139.68638201173633 29
1623754687383 -128.04676744799087 30
1623754708779 -197.57542846861924 31
1623754729759 -124.37533726943691 32
1623754749905 -173.8571965332464 33
1623754769710 -206.43226099715753 34
1623754792468 -137.8187277641132 35
1623754816982 -208.79525963410543 36
1623754836625 -127.69776466313628 37
1623754857623 -214.20389660008482 38
1623754876676 -108.48513738572933 39
1623754893079 -116.42559292032597 40
1623754914438 -181.2642057097658 41
1623754935760 -122.59610582251507 42
1623754959590 -156.0896997127765 43
1623754978695 -215.34856151367913 44
1623754997330 -162.1121004327111 45
1623755018349 -121.62092210723253 46
1623755042165 -175.70261040471138 47
1623755064160 -142.35333133940628 48
1623755085979 -187.96075802294948 49
1623755105416 -121.52809793329206 50
1623755125756 -162.66863565772448 51
1623755144728 -138.78615855562643 52
1623755164405 -118.67827875196863 53
1623755184405 -177.47381207331975 54
1623755206632 -177.08091199324807 55
1623755233563 -190.7422792873379 56
1623755254186 -239.45187723816406 57
1623755272804 -160.68020052459602 58
1623755292666 -226.90617159073662 59
1623755312666 -131.5206987190087 60
1623755338120 -216.4948566102627 61
1623755363180 -131.11379485259522 62
1623755387661 -179.4469772233099 63
1623755408943 -184.51757334463474 64
1623755429143 -123.3097233191057 65
1623755451676 -260.05164317242486 66
1623755473319 -129.79680692785914 67
1623755496862 -143.6474243425692 68
1623755518035 -137.32766049120946 69
1623755537651 -131.64330219739233 70
1623755556861 -135.17220275688535 71
1623755576993 -139.61433587826036 72
1623755602908 -160.17665615189702 73
1623755623955 -272.6338244066798 74
1623755647215 -184.7555647855491 75
1623755668399 -135.3761188078617 76
1623755688471 -215.02308946524536 77
1623755707054 -182.75760718171856 78
1623755728121 -172.38189968276703 79
1623755744568 -101.83820588329725 80
1623755766457 -213.955618263224 81
1623755790448 -152.05918117679062 82
1623755809181 -128.81311403887665 83
1623755829078 -220.1066611778261 84
1623755850149 -221.99213831456987 85
1623755871495 -137.51673610382483 86
1623755891602 -138.24018955081982 87
1623755911626 -125.42302012365413 88
1623755936528 -168.70767783804718 89
1623755958655 -186.49543137670804 90
1623755985968 -214.28833931195905 91
1623756009626 -153.16378278482023 92
1623756031669 -160.58347988645036 93
1623756053393 -221.46048834199883 94
1623756074528 -135.74223640479528 95
1623756097936 -204.76804706858834 96
1623756123309 -126.19143938679845 97
1623756149318 -126.63235123005339 98
1623756171221 -176.2937737367443 99
1623756193435 -201.90288361207504 100
1623756215020 -188.16021902492943 101
1623756237897 -134.83278673497972 102
1623756257132 -187.3941143051009 103
1623756278571 -111.62914663718485 104
1623756298964 -164.40239153158976 105
1623756318083 -125.73908966464106 106
1623756343221 -163.12524079616944 107
1623756365905 -163.38080019432294 108
1623756389435 -255.44960445638358 109
1623756412000 -150.2709693163111 110
1623756434928 -220.89256755009677 111
1623756457877 -267.4888604876514 112
1623756480401 -195.46200479748092 113
1623756504184 -129.60680347845107 114
1623756527600 -159.78184614749622 115
1623756552435 -154.2025779858273 116
1623756578004 -167.37003789000582 117
1623756598982 -116.62940805685155 118
1623756623094 -144.67708144795807 119
1623756653505 -128.57759149510352 120
1623756678391 -202.29232465137054 121
1623756701503 -144.05900478460836 122
1623756726234 -254.91187050212275 123
1623756748900 -139.84123886470198 124
1623756770758 -161.72659249639628 125
1623756791362 -166.67669064160435 126
1623756811914 -122.29942463321359 127
1623756834434 -158.97760537749724 128
1623756856253 -151.99781547119852 129
1623756881844 -184.6286126535017 130
1623756905078 -152.80065402843488 131
1623756929746 -217.2423732013584 132
1623756953786 -168.1570664234618 133
1623756978790 -165.65181272101836 134
1623757001261 -138.39515289643344 135
1623757028568 -202.88935474747228 136
1623757056391 -124.47104381369748 137
1623757079772 -171.40283191345597 138
1623757104588 -186.54711640492135 139
1623757126678 -169.3780607383094 140
1623757152328 -162.80250435416582 141
1623757178450 -251.7725360653614 142
1623757200973 -181.78593500035163 143
1623757223841 -217.36527873949663 144
1623757245189 -134.36175447139516 145
1623757266304 -141.49613605964512 146
1623757287070 -143.4941120937574 147
1623757306861 -125.99510612707994 148
1623757327511 -180.38413752864358 149
1623757350947 -177.93664808453642 150
1623757373001 -242.8637715939898 151
1623757392961 -129.53147292373745 152
1623757418123 -146.62816596408854 153
1623757437721 -147.66194354985237 154
1623757458770 -135.969228152247 155
1623757481091 -196.84157307290465 156
1623757500806 -169.33664138324573 157
1623757522341 -158.2803674269202 158
1623757543623 -148.70563735704746 159
1623757564492 -162.74480800870592 160
1623757587923 -187.89681508782857 161
1623757609379 -157.525286957257 162
1623757634021 -215.58607682066685 163
1623757657022 -196.31715730075138 164
1623757680059 -176.6013963092259 165
1623757700826 -164.3124731261384 166
1623757719337 -150.34386143929007 167
1623757741102 -218.37793043058855 168
1623757766249 -176.63167421173034 169
1623757788874 -166.56269460012243 170
1623757810109 -131.67783939886448 171
1623757833767 -203.39585121270744 172
1623757860358 -141.19357889001176 173
1623757884286 -251.47341700344182 174
1623757907674 -224.5872715573771 175
1623757930599 -183.37591576894323 176
1623757956852 -158.24463052408555 177
1623757979715 -157.06272589067652 178
1623758005466 -193.4308657945875 179
1623758029054 -187.93415780689924 180
1623758053263 -130.09921627700692 181
1623758075975 -194.93172547266633 182
1623758099242 -173.32847772369985 183
1623758119492 -180.484262935772 184
1623758143426 -185.4997989169254 185
1623758167774 -159.59899356940778 186
1623758192413 -217.76400756462925 187
1623758219901 -201.3416694864261 188
1623758242443 -148.71116524625265 189
1623758265147 -144.1701402145562 190
1623758288248 -134.25375661196006 191
1623758316270 -169.97764316117255 192
1623758339799 -155.78070156117826 193
1623758364926 -172.1237268041817 194
1623758390097 -164.53656059980563 195
1623758413954 -138.92083186258134 196
1623758441242 -163.56914102196524 197
1623758468102 -122.9839443576871 198
1623758491643 -242.54284225509554 199
1623758515662 -139.95896759339306 200
1623758546095 -109.14592225676742 201
1623758569735 -138.77450642432424 202
1623758599236 -155.03400795644302 203
1623758624464 -175.69090848772737 204
1623758648254 -219.45572293681553 205
1623758673563 -130.47353348599557 206
1623758696466 -150.92583877377518 207
1623758720250 -130.16571864225978 208
1623758742032 -142.182337578537 209
1623758765098 -225.24918148338233 210
1623758786986 -207.75818323305066 211
1623758809175 -126.37954645526334 212
1623758829637 -166.11254432106267 213
1623758850568 -166.16584825430658 214
1623758873505 -204.82864046975115 215
1623758893815 -147.70570271005911 216
1623758918888 -154.60675945229326 217
1623758941012 -161.9538912704829 218
1623758959988 -146.37976880583037 219
1623758979343 -132.77708168573167 220
1623759001347 -187.19015990086214 221
1623759026186 -121.31046047625243 222
1623759051437 -150.88392668892814 223
1623759075872 -202.84445216731734 224
1623759099650 -177.4286196234916 225
1623759123243 -121.46769698451735 226
1623759152030 -174.6765818985138 227
1623759177537 -214.47915543018766 228
1623759201623 -129.6236445145286 229
1623759222802 -135.6756415085087 230
1623759247336 -138.63661076730563 231
1623759272933 -156.41127394831648 232
1623759295601 -126.74813277609852 233
1623759318087 -117.49043514787886 234
1623759343620 -109.05701337352222 235
1623759365329 -124.25193471460894 236
1623759388355 -151.65360111484006 237
1623759408094 -211.8247043481917 238
1623759426540 -134.521974817335 239
1623759446916 -223.14814588351987 240
1623759468102 -194.76366943277043 241
1623759487013 -144.116492928872 242
1623759508270 -127.33000275331088 243
1623759526509 -162.15035134864257 244
1623759545800 -150.02079230463255 245
1623759569978 -135.07969386617341 246
1623759590626 -110.29320545947266 247
1623759610958 -124.38378902108964 248
1623759630250 -161.5933685257748 249
1623759652416 -127.61670809020703 250
1623759673106 -138.11972101031134 251
1623759697750 -134.67873977068666 252
1623759718988 -147.93583897230806 253
1623759738814 -93.72521946721028 254
1623759760098 -171.88738796518848 255
1623759783120 -128.35320976209198 256
1623759805772 -138.09841519059688 257
1623759828064 -178.0707291284636 258
1623759848173 -202.45372581452145 259
1623759868637 -151.6299608614954 260
1623759887963 -135.18736770775706 261
1623759909411 -130.73959066252533 262
1623759930342 -127.77742835901074 263
1623759952187 -132.9591026136703 264
1623759974267 -138.373006664147 265
1623759999512 -147.73612555088684 266
1623760024247 -118.81139501287483 267
1623760049409 -135.4463220287076 268
1623760073075 -201.35250942461047 269
1623760099357 -144.68171392526756 270
1623760122072 -201.92210670554 271
1623760145077 -137.70877885978112 272
1623760164268 -199.0551616043755 273
1623760185747 -161.8690581757644 274
1623760205195 -113.61762553041353 275
1623760224634 -144.83471581237126 276
1623760245665 -204.4711451743066 277
1623760265631 -128.90470614830446 278
1623760288588 -126.41667114808588 279
1623760308031 -130.45607250705973 280
1623760327917 -122.0862613289518 281
1623760349953 -118.5752137994851 282
1623760371662 -172.44112675052662 283
1623760392551 -162.0336847770962 284
1623760411454 -153.28609737013477 285
1623760428662 -130.7834516919088 286
1623760450212 -143.87158593957278 287
1623760469530 -139.0226637581383 288
1623760488541 -142.49924955965295 289
1623760507700 -184.58081902268242 290
1623760526351 -141.74015286460426 291
1623760545466 -153.61059299253867 292
1623760563119 -152.85486424641928 293
1623760584551 -145.20615828619552 294
1623760602746 -161.54854254616376 295
1623760623277 -129.65771066024394 296
1623760643355 -119.73584298367932 297
1623760663910 -124.28973771897472 298
1623760683705 -156.3615204501259 299
1623760707615 -176.22623609772583 300
1623760729439 -160.58210879410126 301
1623760750625 -224.20391300193165 302
1623760770865 -167.93407174276936 303
1623760791876 -159.8540437145344 304
1623760812608 -148.00510583190285 305
1623760833244 -120.39617013220318 306
1623760854931 -146.4137986106053 307
1623760878771 -126.53825906753596 308
1623760900839 -174.9791617055337 309
1623760920438 -125.82011955494677 310
1623760941125 -129.56013403314424 311
1623760964079 -174.8269358211906 312
1623760984289 -164.23141436658406 313
1623761007304 -148.5555231624975 314
1623761031050 -172.8080966630635 315
1623761051806 -128.92434071272666 316
1623761072912 -120.23828444536987 317
1623761095754 -172.71846615425005 318
1623761116322 -180.94410712843404 319
1623761149607 -131.81037607039715 320
1623761176987 -141.48043450472625 321
1623761203550 -154.73677811752657 322
1623761223595 -184.08844100416377 323
1623761248302 -113.32249129958203 324
1623761272122 -144.58364697495648 325
1623761295063 -135.79144210740816 326
1623761319847 -185.47219198565185 327
1623761343694 -151.0970903153342 328
1623761369217 -144.467008044076 329
1623761392488 -132.34410684427127 330
1623761417648 -144.40354866678564 331
1623761441061 -213.9679180904189 332
1623761470713 -146.64051092317914 333
1623761495914 -237.51566188501934 334
1623761530610 -164.27677455548383 335
1623761557486 -185.3869130353325 336
1623761583439 -155.00175375683813 337
1623761607225 -232.32453322138508 338
1623761629921 -132.64665660547104 339
1623761652342 -148.6637879850899 340
1623761673839 -115.99275648470932 341
1623761700992 -156.0570926908587 342
1623761730043 -127.4954216029319 343
1623761758581 -97.4408429786943 344
1623761782629 -189.49046705461825 345
1623761806144 -131.76984738492155 346
1623761835555 -128.69941274811924 347
1623761859212 -137.75405789149303 348
1623761884168 -158.81571123153444 349
1623761910756 -127.57574261117752 350
1623761935402 -269.83201427652165 351
1623761959547 -129.63106205299528 352
1623761988820 -166.53017108146645 353
1623762014417 -188.95269379234884 354
1623762042607 -141.1767355447082 355
1623762067114 -183.3368393230839 356
1623762090617 -131.35427144365877 357
1623762113509 -177.5167607904546 358
1623762136967 -127.58613516139003 359
1623762162161 -132.15603934176457 360
1623762187285 -282.1110748261371 361
1623762210710 -156.89534212164156 362
1623762233062 -127.37940310884896 363
1623762254511 -118.3034195985917 364
1623762282387 -128.7147667568965 365
1623762308547 -98.38626351285484 366
1623762331142 -143.5212936310151 367
1623762358386 -160.05549475569785 368
1623762382644 -136.5032234318067 369
1623762406127 -129.56560389459167 370
1623762428535 -155.432261049506 371
1623762452227 -140.11557450281313 372
1623762471850 -171.7753663390829 373
1623762494695 -143.89491199978448 374
1623762516579 -198.0230907550438 375
1623762540135 -167.5278701380511 376
1623762559936 -130.88587610031124 377
1623762577508 -179.61251319873872 378
1623762600779 -136.47823532474854 379
1623762621831 -172.8075567609462 380
1623762647025 -124.65258372353487 381
1623762674957 -237.45314093267007 382
1623762702484 -137.4662714510686 383
1623762725565 -168.06493038217087 384
1623762749736 -153.9620911439211 385
1623762771742 -128.39079493391205 386
1623762795619 -153.80255850195712 387
1623762818490 -129.66555078810129 388
1623762842331 -165.7212323300617 389
1623762868342 -162.5919868399147 390
1623762891771 -268.96982597056683 391
1623762917909 -175.94333044244215 392
1623762940310 -200.80460345259706 393
1623762961505 -138.41700841494148 394
1623762983536 -182.09564279737953 395
1623763007326 -170.55804936116616 396
1623763028043 -209.49731070384695 397
1623763049302 -175.99928838573203 398
1623763071677 -132.16313631040174 399
