1623743627457 -495.68342714017314 0
1623743652322 -224.07682353201923 1
1623743669399 -144.58602430003464 2
1623743685307 -128.35323637395 3
1623743701924 -111.71338660568028 4
1623743719458 -139.59950375507844 5
1623743736220 -127.1909408583704 6
1623743755466 -137.1462681629415 7
1623743775249 -144.8145091976436 8
1623743792507 -133.66448728789425 9
1623743810035 -134.13600454274882 10
1623743830159 -116.59373479044847 11
1623743848549 -115.55918148489297 12
1623743865478 -144.68218889148554 13
1623743884860 -137.45704025064066 14
1623743902528 -127.761160386766 15
1623743920341 -96.98873291294493 16
1623743936011 -121.16473121143558 17
1623743954250 -132.18748657911445 18
1623743970285 -126.69144406791106 19
1623743990470 -113.17736546859481 20
1623744008973 -126.85079199616357 21
1623744025861 -105.2574898012494 22
1623744041977 -128.34974457566437 23
1623744058743 -136.77466308463755 24
1623744074741 -119.7154923695453 25
1623744091663 -130.95148407092623 26
1623744106945 -124.14610003656611 27
1623744125425 -167.33177723378122 28
1623744142963 -78.11427505508165 29
1623744160662 -102.6571611223696 30
1623744178232 -121.08543134044747 31
1623744193953 -122.06119634402889 32
1623744211878 -129.52812252566102 33
1623744227601 -112.00526080261555 34
1623744245501 -133.27045003537035 35
1623744263233 -124.41777575601613 36
1623744281023 -131.59603800500398 37
1623744297281 -123.36727431844407 38
1623744311873 -114.09687542400076 39
1623744328590 -123.77004014585212 40
1623744345657 -122.68315636978981 41
1623744362713 -113.8034649197138 42
1623744380234 -90.69183615359327 43
1623744396873 -125.45571681628613 44
1623744412072 -132.06756847882724 45
1623744428747 -141.32475280691918 46
1623744445146 -115.84341036809826 47
1623744461246 -115.26269404653216 48
1623744477611 -120.98210257134264 49
1623744492554 -129.5945296997412 50
1623744509848 -137.97721494336577 51
1623744525499 -115.39721406603938 52
1623744541717 -109.70122864911035 53
1623744557593 -125.12861900194069 54
1623744573821 -127.97199143611267 55
1623744589385 -119.59178847381368 56
1623744605804 -122.10821278968525 57
1623744622416 -126.21665191082072 58
1623744638561 -132.8997130595224 59
1623744654816 -123.71496073773397 60
1623744673286 -126.11492347727706 61
1623744689640 -118.0933556083094 62
1623744707632 -119.76054541428775 63
1623744722652 -122.22834446190524 64
1623744740772 -92.30856534902712 65
1623744756751 -87.82106305751284 66
1623744773383 -109.20926511053018 67
1623744790096 -113.82799030034312 68
1623744808474 -151.8688807594343 69
1623744825901 -110.23116565773071 70
1623744841046 -118.8368946697262 71
1623744857051 -135.640413865035 72
1623744875712 -118.37330822259894 73
1623744890935 -108.71462657774985 74
1623744907012 -114.15666218963584 75
1623744924470 -107.27068007919867 76
1623744940705 -106.40553794611826 77
1623744956489 -117.20779316547024 78
1623744971924 -121.63378488906781 79
1623744989559 -114.73834428265094 80
1623745004964 -103.37257831327823 81
1623745021793 -95.17018623694898 82
1623745039813 -115.4124322054057 83
1623745057262 -128.3053163085646 84
1623745075160 -151.26554707853492 85
1623745092579 -127.98613769751029 86
1623745110578 -113.359855702308 87
1623745127312 -118.08793985651415 88
1623745145042 -121.48179697421868 89
1623745161433 -124.9428538444561 90
1623745177455 -91.85504940044017 91
1623745193143 -124.15021696045598 92
1623745209914 -109.94705942872388 93
1623745229051 -107.67065434346132 94
1623745245703 -112.21591977242899 95
1623745260875 -112.07531513786854 96
1623745279509 -113.26252564630533 97
1623745297090 -114.81571342549829 98
1623745312737 -119.97144831234283 99
1623745329235 -106.6015391297397 100
1623745344719 -111.42897876213057 101
1623745360365 -123.04499612590675 102
1623745378571 -134.4230770325834 103
1623745397679 -107.75121606654103 104
1623745414515 -107.56203162633561 105
1623745431195 -125.83439834829687 106
1623745448150 -114.41458829643543 107
1623745463396 -114.7968070280112 108
1623745479576 -126.35920018456278 109
1623745496630 -110.8702826723344 110
1623745511860 -130.2358600318413 111
1623745526949 -128.02730851843447 112
1623745543934 -124.63039864078354 113
1623745560988 -104.50595446712597 114
1623745579271 -114.46893591552153 115
1623745597388 -96.39517120913168 116
1623745612354 -121.14762326460198 117
1623745627967 -110.17740051319417 118
1623745644747 -103.35766776553965 119
1623745659773 -123.89700951894135 120
1623745678190 -106.45270969010268 121
1623745695810 -115.8748785981544 122
1623745712330 -120.37459303625089 123
1623745730234 -131.7969742048386 124
1623745748442 -142.22093317570244 125
1623745764276 -128.0118569408924 126
1623745780976 -117.12501402541953 127
1623745799228 -131.37710985105022 128
1623745816145 -134.77821336137083 129
1623745833206 -134.86094056839104 130
1623745850023 -116.93472818789802 131
1623745868648 -124.03857567088087 132
1623745884861 -116.54948299945787 133
1623745903898 -135.90684731046971 134
1623745921334 -117.0214063618857 135
1623745939300 -118.043722211567 136
1623745958479 -124.64025317607774 137
1623745976899 -92.79168864478072 138
1623745993611 -107.07533429215526 139
1623746009391 -126.7008060857616 140
1623746025600 -112.6301747929737 141
1623746043583 -119.06293797244707 142
1623746062022 -132.0145814106438 143
1623746077623 -115.96096047904756 144
1623746095176 -156.30684860163532 145
1623746112037 -120.52586815172454 146
1623746129783 -172.08669626867214 147
1623746148106 -127.04714922762369 148
1623746163603 -115.81534249808044 149
1623746179421 -131.10746104703836 150
1623746197742 -123.98150600013125 151
1623746213141 -109.14979582330878 152
1623746230708 -121.46474660744607 153
1623746247284 -109.3050466841253 154
1623746264245 -115.21084003818281 155
1623746281062 -101.45646089384115 156
1623746298589 -112.56367706679893 157
1623746315752 -127.8004266137961 158
1623746331665 -92.68458919615848 159
1623746348480 -134.26787229813962 160
1623746364948 -101.52942103747151 161
1623746380585 -109.31039010605562 162
1623746396976 -122.88013534604364 163
1623746412536 -121.17068594746578 164
1623746429531 -109.92821978170463 165
1623746446711 -119.77770066621197 166
1623746464729 -144.9177272673836 167
1623746483011 -138.39778194259617 168
1623746498703 -134.9227218003297 169
1623746515958 -146.41167502487582 170
1623746534540 -119.53250445565655 171
1623746550877 -106.33060982850844 172
1623746565766 -111.34441140297596 173
1623746582066 -116.64925206032382 174
1623746597373 -110.51871135289224 175
1623746613572 -112.8715916588758 176
1623746629870 -113.22156185337333 177
1623746647216 -124.5300051458077 178
1623746663979 -79.92655642309064 179
1623746682472 -90.21923923898925 180
1623746702209 -113.85954728209461 181
1623746720485 -83.68181650318307 182
1623746739454 -113.83255674228593 183
1623746758347 -134.36707461327606 184
1623746774774 -112.01990381509408 185
1623746792774 -118.4540475603474 186
1623746811672 -101.51515297371638 187
1623746830640 -79.71778467439744 188
1623746851208 -95.41571677519082 189
1623746871631 -103.80727578845388 190
1623746894741 -66.25983739992864 191
1623746918541 -86.06495835181845 192
1623746940624 -97.44429752536716 193
1623746962058 -89.05615199064675 194
1623746980182 -85.06575257103253 195
1623747001719 -70.39270709671291 196
1623747023773 -70.62620426634884 197
1623747045986 -51.03873877989216 198
1623747068568 -73.31833156046665 199
1623747090128 -106.02495606626863 200
1623747111743 -95.51663993415956 201
1623747130728 -95.69323970142803 202
1623747153518 -70.25070020885592 203
1623747175456 -78.83900638302266 204
1623747200230 -46.317298591573135 205
1623747239748 -45.777800634153856 206
1623747262842 -50.59147223265528 207
1623747289076 -54.21309076268185 208
1623747312506 -97.7816358257729 209
1623747335872 -31.525264665067 210
1623747367818 -93.69708548810623 211
1623747404485 -61.44638353537235 212
1623747437905 -35.58112568613667 213
1623747474666 -1.5093246294261378 214
1623747501573 -60.69513483469921 215
1623747525833 -95.82590367425507 216
1623747555148 -64.44963228291233 217
1623747579242 -71.36723491801976 218
1623747608855 -48.46569379780298 219
1623747635696 -82.97272861918553 220
1623747667270 -31.26862346895496 221
1623747708606 -13.504729068119374 222
1623747757593 -7.87092964322157 223
1623747798657 -16.557792273980837 224
1623747828127 -37.68256012460445 225
1623747868763 -58.85478416294572 226
1623747905397 -103.94171571634175 227
1623747938307 -90.13393643777201 228
1623747975819 -24.96299583209902 229
1623748020213 22.652353372395773 230
1623748079800 10.543473706834863 231
1623748132462 -19.125220090739095 232
1623748163862 -117.98813762728925 233
1623748204920 -7.337577747704802 234
1623748263361 22.424175999800372 235
1623748330472 -32.48904988377238 236
1623748382564 -40.56212953099982 237
1623748422906 -13.270588074039852 238
1623748461975 0.7664439092480315 239
1623748521812 43.45424493041041 240
1623748550859 -29.47019138815481 241
1623748590449 -46.90625358972859 242
1623748627948 -70.5677484906625 243
1623748651091 -91.36803006949197 244
1623748685371 -1.690837416054621 245
1623748731991 -18.69719047889059 246
1623748768817 -30.82402784643664 247
1623748817051 -63.83151060178494 248
1623748867298 -70.65162979370983 249
1623748910657 -28.28515102988671 250
1623748947932 -45.71913473617062 251
1623748988622 -36.36672986433386 252
1623749029475 -82.0587618502475 253
1623749070317 -48.73207472443541 254
1623749105910 -44.23640887112782 255
1623749144712 -69.98170335751125 256
1623749186100 -33.22523722434193 257
1623749258420 -10.116618608622439 258
1623749285224 -85.96544722401 259
1623749310589 -88.84175286866528 260
1623749345357 -73.39190381193947 261
1623749424410 0.5834651384015698 262
1623749464447 1.394952715009971 263
1623749500710 -110.53640991886921 264
1623749535289 -62.789081535443465 265
1623749580812 -36.342858410045075 266
1623749619306 -68.34617968581756 267
1623749649276 -62.50362760600404 268
1623749686791 -12.018879988217398 269
1623749754747 42.04029708036286 270
1623749813112 -64.18404580167747 271
1623749836840 -74.66328875451761 272
1623749870415 -104.24236720787005 273
1623749916894 -41.910273481836086 274
1623749964520 -26.943336075631933 275
1623749996354 -51.644942651882175 276
1623750035271 34.08797030321338 277
1623750069373 31.673763312518812 278
1623750107103 14.574573154236559 279
1623750140282 30.64385505443673 280
1623750179503 25.90446599516372 281
1623750248387 60.538384209644775 282
1623750278332 -32.675899131844055 283
1623750355758 23.661587011080613 284
1623750385980 -58.119878518181615 285
1623750421661 -70.54927727312817 286
1623750459707 9.303495192681096 287
1623750505605 -0.5746461211090655 288
1623750565340 -29.916290976017148 289
1623750605168 -72.25885837895983 290
1623750632644 -19.966632175702 291
1623750655653 -64.39778782217084 292
1623750692066 -47.78357331247392 293
1623750732341 -34.80620013726971 294
1623750778705 -57.10341693186654 295
1623750816691 11.216351799789468 296
1623750842990 -41.952942234403345 297
1623750884045 -9.958139009331223 298
1623750917148 17.348161780718105 299
1623750940996 -17.822221822948375 300
1623750976565 -14.83564427770452 301
1623751007709 -38.90014758166467 302
1623751046824 -31.750800398608575 303
1623751121493 -33.683426617468996 304
1623751174052 -52.300182934014195 305
1623751205763 -5.4756340439104045 306
1623751236196 -40.14025146852207 307
1623751277737 -38.20654265655286 308
1623751310648 -64.87982411307729 309
1623751335926 -68.38369340884415 310
1623751374695 32.445213605866506 311
1623751411276 -41.09206164714942 312
1623751466335 28.37235691695913 313
1623751509715 -24.995738487792945 314
1623751543544 8.804015444443705 315
1623751600558 28.13008748204611 316
1623751654858 15.421097621342176 317
1623751719685 -3.6893234422860934 318
1623751787970 -1.0305997230085069 319
1623751822857 33.99507361773321 320
1623751866229 42.21201871730241 321
1623751940614 8.752453396021894 322
1623751988023 -18.472985321978403 323
1623752025862 0.03721223139855361 324
1623752076509 -18.275518719305733 325
1623752137126 14.519616713839389 326
1623752168630 -13.595097167361194 327
1623752221440 18.94315524793207 328
1623752256230 -47.014880212815186 329
1623752282999 -81.14641424984372 330
1623752311466 -70.73739958086617 331
1623752359692 8.885244290299894 332
1623752385297 -82.34674753198009 333
1623752416714 -29.164596582970507 334
1623752461377 74.59507846528315 335
1623752503213 -6.122060731000972 336
1623752569615 59.78643793489394 337
1623752619154 42.54591452866271 338
1623752702649 -19.120961351225546 339
1623752735679 -37.8779364195605 340
1623752761476 -123.6105653023164 341
1623752787713 -79.6916641611797 342
1623752846388 16.883316684444118 343
1623752872849 -59.53302500160663 344
1623752910849 -2.1716535293093453 345
1623752948005 41.12973746793507 346
1623752986714 28.349628311117517 347
1623753047229 58.16537171488992 348
1623753115084 51.80386309660701 349
1623753162944 46.814706933026244 350
1623753215968 97.02903782504744 351
1623753254528 12.302319049860985 352
1623753284839 28.168448247325895 353
1623753319191 -10.875372906650226 354
1623753369828 -4.168398923619979 355
1623753415830 49.98602243467449 356
1623753459009 47.450900154035736 357
1623753500345 -13.208756214358319 358
1623753531103 2.2280358442232675 359
1623753592049 20.559954552788 360
1623753631163 14.615461400290298 361
1623753669551 31.488849396436734 362
1623753721858 -40.33505841122975 363
1623753775943 70.48261765236649 364
1623753827334 34.702620853945426 365
1623753859405 39.63250636195617 366
1623753907931 5.987754456781659 367
1623753955419 10.810749598302795 368
1623754016134 25.56284558153904 369
1623754055988 -45.535189837605465 370
1623754095475 -28.344473099493545 371
1623754140185 -19.073574572307397 372
1623754239743 118.20979027238992 373
1623754279361 9.53763131915125 374
1623754329087 21.355703441169094 375
1623754398161 22.19104948027705 376
1623754460366 48.76299998596348 377
1623754530206 99.94368620789314 378
1623754583082 64.52939281306226 379
1623754618805 9.22931050815506 380
1623754666891 51.358531331291644 381
1623754726206 6.691160389440565 382
1623754745809 -61.07974312448992 383
1623754796271 32.64693580956755 384
1623754870399 43.24234507344629 385
1623754892775 -56.97287612578289 386
1623754955244 158.35160396227673 387
1623755019923 31.682906246419847 388
1623755124742 48.192854041717716 389
1623755170963 75.16641286181218 390
1623755230029 -43.90202698749834 391
1623755302476 97.20478542438391 392
1623755334056 -22.095377806827972 393
1623755393340 47.999544991979384 394
1623755468190 104.33532894189422 395
1623755524752 32.36248413285762 396
1623755579832 0.0793602568292944 397
1623755701401 110.73738477893396 398
1623755757151 14.025874618973026 399
