1623743627474 -86.86653353352395 0
1623743652339 -86.86653353352395 1
1623743669418 -99.88246958972033 2
1623743685326 -99.88246958972033 3
1623743701944 -88.1377683459821 4
1623743719476 -88.1377683459821 5
1623743736238 -118.65456927059452 6
1623743755491 -118.65456927059452 7
1623743775270 -115.09452785355913 8
1623743792529 -115.09452785355913 9
1623743810056 -94.083850461176 10
1623743830185 -94.083850461176 11
1623743848568 -103.88638382441327 12
1623743865500 -106.09626738034572 13
1623743884879 -98.7263899897126 14
1623743902548 -98.7263899897126 15
1623743920362 -70.28348684995579 16
1623743936030 -70.28348684995579 17
1623743954269 -67.15866985233501 18
1623743970305 -67.15866985233501 19
1623743990501 -90.75727948881982 20
1623744008993 -94.71306228169064 21
1623744025881 -101.20931553829996 22
1623744041996 -101.20931553829996 23
1623744058763 -126.89650364735294 24
1623744074761 -96.71848276020894 25
1623744091684 -95.04196397022011 26
1623744106967 -95.04196397022011 27
1623744125444 -109.5184177367881 28
1623744142983 -69.19708716240422 29
1623744160683 -69.19708716240422 30
1623744178252 -76.0670800440229 31
1623744193974 -76.0670800440229 32
1623744211898 -95.87220504190361 33
1623744227621 -102.7948013217753 34
1623744245522 -104.9018396628865 35
1623744263253 -118.92214831657773 36
1623744281044 -118.92214831657773 37
1623744297302 -118.8652286067459 38
1623744311892 -89.55880080958607 39
1623744328612 -89.55880080958607 40
1623744345679 -109.25511858132106 41
1623744362734 -86.14933350746874 42
1623744380254 -76.63753457979278 43
1623744396893 -76.63753457979278 44
1623744412092 -125.3074581747308 45
1623744428768 -120.50177793293281 46
1623744445166 -102.91140962164702 47
1623744461268 -102.91140962164702 48
1623744477631 -80.3831902915629 49
1623744492576 -80.3831902915629 50
1623744509869 -128.81334683364696 51
1623744525519 -108.24032007511342 52
1623744541737 -95.41539488806362 53
1623744557613 -95.41539488806362 54
1623744573842 -119.78090562149244 55
1623744589405 -104.77438632779645 56
1623744605824 -104.77438632779645 57
1623744622436 -96.05108089763664 58
1623744638581 -96.05108089763664 59
1623744654838 -115.76683180938525 60
1623744673306 -115.76683180938525 61
1623744689659 -110.64136776921696 62
1623744707653 -110.64136776921696 63
1623744722671 -118.63146816386833 64
1623744740792 -91.19745273158057 65
1623744756771 -86.1278924676217 66
1623744773403 -86.1278924676217 67
1623744790116 -85.27530996247361 68
1623744808496 -85.27530996247361 69
1623744825922 -105.94584084425651 70
1623744841066 -105.94584084425651 71
1623744857072 -119.79122290591233 72
1623744875733 -113.09617303980833 73
1623744890956 -96.61658391015735 74
1623744907032 -96.61658391015735 75
1623744924490 -90.45107511520288 76
1623744940726 -90.45107511520288 77
1623744956512 -103.76013058714534 78
1623744971945 -116.69253193684831 79
1623744989580 -108.6793029793289 80
1623745004985 -98.83790822387205 81
1623745021815 -92.9741680528458 82
1623745039833 -92.9741680528458 83
1623745057283 -116.9845511912446 84
1623745075182 -129.8963264484384 85
1623745092603 -125.22338418795925 86
1623745110599 -109.09349138651052 87
1623745127333 -109.09349138651052 88
1623745145062 -116.9676346252309 89
1623745161452 -119.22052530250446 90
1623745177475 -89.99993891900525 91
1623745193163 -89.99993891900525 92
1623745209936 -102.59255101786566 93
1623745229074 -84.07863517041453 94
1623745245724 -84.07863517041453 95
1623745260896 -94.87789257800753 96
1623745279530 -102.38847240605102 97
1623745297111 -102.38847240605102 98
1623745312758 -109.16487187522664 99
1623745329255 -89.63468504898125 100
1623745344739 -89.63468504898125 101
1623745360386 -111.34592811939505 102
1623745378591 -122.31176722778828 103
1623745397700 -93.15629968742455 104
1623745414539 -93.15629968742455 105
1623745431216 -103.77068235653277 106
1623745448170 -109.9756483536592 107
1623745463416 -109.9756483536592 108
1623745479596 -113.77626477062722 109
1623745496652 -107.7962348189455 110
1623745511881 -107.7962348189455 111
1623745526970 -126.725017253298 112
1623745543954 -122.38292984291768 113
1623745561009 -102.6323883911509 114
1623745579292 -102.6323883911509 115
1623745597409 -93.80258319413869 116
1623745612375 -93.80258319413869 117
1623745627990 -109.14079373560185 118
1623745644768 -100.96447412713182 119
1623745659794 -98.82816522119556 120
1623745678211 -98.82816522119556 121
1623745695831 -99.27331709935922 122
1623745712351 -118.33026320036784 123
1623745730255 -99.85689390847772 124
1623745748462 -99.85689390847772 125
1623745764297 -101.12241456184259 126
1623745780997 -111.59945471997946 127
1623745799251 -111.59945471997946 128
1623745816165 -133.5264963765853 129
1623745833228 -130.9318291407398 130
1623745850043 -113.0935998872455 131
1623745868669 -113.0935998872455 132
1623745884884 -114.36054877328846 133
1623745903919 -114.36054877328846 134
1623745921356 -105.74711269114054 135
1623745939321 -105.74711269114054 136
1623745958500 -116.11943192374486 137
1623745976922 -90.92055808587115 138
1623745993633 -91.31002689490023 139
1623746009412 -108.02275003650884 140
1623746025621 -98.99039637614669 141
1623746043605 -98.99039637614669 142
1623746062043 -117.49559401107653 143
1623746077645 -100.02263433875487 144
1623746095196 -100.02263433875487 145
1623746112059 -118.4479887002531 146
1623746129806 -118.4479887002531 147
1623746148128 -125.1100860368598 148
1623746163625 -98.04982021123638 149
1623746179443 -98.04982021123638 150
1623746197763 -122.33260023198973 151
1623746213177 -108.03846313957789 152
1623746230730 -108.03846313957789 153
1623746247306 -106.38897364298555 154
1623746264267 -106.38897364298555 155
1623746281084 -97.02650927133291 156
1623746298611 -97.02650927133291 157
1623746315773 -115.99329571094927 158
1623746331687 -90.35432483653497 159
1623746348503 -91.00347430180513 160
1623746364970 -86.10547635877704 161
1623746380608 -86.10547635877704 162
1623746396997 -108.55990285348382 163
1623746412558 -108.55990285348382 164
1623746429553 -92.06828205235469 165
1623746446732 -92.06828205235469 166
1623746464753 -102.73093507061262 167
1623746483033 -126.93555897520532 168
1623746498724 -126.93555897520532 169
1623746515980 -131.1864624048148 170
1623746534562 -112.01050778328378 171
1623746550898 -103.84332175313205 172
1623746565787 -103.84332175313205 173
1623746582089 -112.00145919389816 174
1623746597397 -105.9886894357985 175
1623746613593 -100.35556897315658 176
1623746629891 -100.35556897315658 177
1623746647238 -68.94318866534562 178
1623746664002 -46.056946630249975 179
1623746682494 11.36403339366604 180
1623746702230 11.36403339366604 181
1623746720507 -57.7117498709285 182
1623746739476 -57.7117498709285 183
1623746758370 -96.42329615948555 184
1623746774795 -81.55820745490064 185
1623746792795 -82.02268014294593 186
1623746811694 -72.34716760069068 187
1623746830662 -49.9172813293086 188
1623746851229 -49.9172813293086 189
1623746871653 -40.58488590650096 190
1623746894763 -4.487375521760214 191
1623746918563 -4.487375521760214 192
1623746940645 -78.53390596848568 193
1623746962079 -49.21797650888466 194
1623746980204 -49.21797650888466 195
1623747001741 -45.44401533820038 196
1623747023803 -17.943528642583416 197
1623747046008 -26.604470866668084 198
1623747068590 -26.604470866668084 199
1623747090150 -60.18896878396531 200
1623747111765 -74.75322086101087 201
1623747130750 -63.35767290734121 202
1623747153540 -7.382978137451465 203
1623747175478 -7.382978137451465 204
1623747200253 9.395889762444119 205
1623747239771 76.94362312038683 206
1623747262864 76.94362312038683 207
1623747289098 -6.284244269746426 208
1623747312528 -6.284244269746426 209
1623747335895 17.60451407775779 210
1623747367839 17.60451407775779 211
1623747404508 61.91205011244524 212
1623747437928 61.91205011244524 213
1623747474689 99.76425517960458 214
1623747501595 99.76425517960458 215
1623747525855 4.705816156579871 216
1623747555170 4.705816156579871 217
1623747579265 1.646436407087208 218
1623747608877 27.55633816127307 219
1623747635720 27.55633816127307 220
1623747667293 30.54147935750949 221
1623747708628 80.55156523839685 222
1623747757617 58.607871461735556 223
1623747798679 98.85492417691479 224
1623747828149 98.85492417691479 225
1623747868786 31.160738395279658 226
1623747905419 31.160738395279658 227
1623747938329 42.34022767026266 228
1623747975842 50.30753784427519 229
1623748020236 113.8861486900958 230
1623748079822 128.2513542779669 231
1623748132485 128.2513542779669 232
1623748163884 44.083686072890984 233
1623748204942 65.99208144251556 234
1623748263383 79.35987037695432 235
1623748330495 79.35987037695432 236
1623748382586 48.27377484290862 237
1623748422928 48.27377484290862 238
1623748461998 134.658252303577 239
1623748521835 134.658252303577 240
1623748550882 117.43665802427002 241
1623748590472 45.617722703702626 242
1623748627970 21.586007538832696 243
1623748651113 -12.261043067775592 244
1623748685393 47.10610577957296 245
1623748732015 64.61049667161478 246
1623748768840 64.61049667161478 247
1623748817073 33.95991729623088 248
1623748867320 33.95991729623088 249
1623748910679 33.71212818518807 250
1623748947955 41.47979582849324 251
1623748988644 51.47708148708273 252
1623749029497 51.47708148708273 253
1623749070341 35.22941495194201 254
1623749105933 35.22941495194201 255
1623749144734 14.491939663040052 256
1623749186122 39.64084371724133 257
1623749258443 74.60969520680277 258
1623749285247 74.60969520680277 259
1623749310612 -43.4473809964094 260
1623749345380 3.5097122665952383 261
1623749424433 81.78852079514255 262
1623749464469 89.90520407730301 263
1623749500733 89.90520407730301 264
1623749535312 0.08976418746177614 265
1623749580835 28.91854473189131 266
1623749619330 28.91854473189131 267
1623749649299 26.958753406281915 268
1623749686812 84.22736540626846 269
1623749754770 134.31533394767695 270
1623749813135 134.31533394767695 271
1623749836862 11.027696450930534 272
1623749870439 44.19031300549859 273
1623749916918 34.14475096945354 274
1623749964543 75.14560683888234 275
1623749996377 75.14560683888234 276
1623750035294 123.13481920107365 277
1623750069396 116.63707567889654 278
1623750107126 116.63707567889654 279
1623750140304 149.7144736503032 280
1623750179525 141.04170545218244 281
1623750248411 209.3280563103881 282
1623750278356 209.3280563103881 283
1623750355781 151.6873770202481 284
1623750386002 151.6873770202481 285
1623750421683 16.441262462034558 286
1623750459730 84.8954832490007 287
1623750505628 84.8954832490007 288
1623750565364 58.86028559482429 289
1623750605191 41.391317915073756 290
1623750632669 79.82351556756024 291
1623750655676 79.82351556756024 292
1623750692090 87.40283153186668 293
1623750732365 87.40283153186668 294
1623750778729 33.70803734574328 295
1623750816715 116.76698479500826 296
1623750843012 116.76698479500826 297
1623750884068 48.47789374839979 298
1623750917171 140.2474479206656 299
1623750941019 140.2474479206656 300
1623750976588 81.90650129308634 301
1623751007732 81.90650129308634 302
1623751046850 51.048831184977224 303
1623751121516 117.60229448836546 304
1623751174076 117.60229448836546 305
1623751205803 109.14788523194738 306
1623751236219 109.14788523194738 307
1623751277761 27.94387066849479 308
1623751310672 46.31750169861736 309
1623751335950 46.31750169861736 310
1623751374719 121.41730947512303 311
1623751411299 121.41730947512303 312
1623751466358 162.9293466644133 313
1623751509738 162.9293466644133 314
1623751543567 112.73273135691466 315
1623751600582 114.54133773621417 316
1623751654882 114.54133773621417 317
1623751719710 105.10449543672978 318
1623751787994 176.46339861197367 319
1623751822880 176.46339861197367 320
1623751866253 157.87809096643142 321
1623751940640 133.66888491039302 322
1623751988046 85.43654963942238 323
1623752025885 44.15308167718515 324
1623752076532 92.29463568634371 325
1623752137149 63.853305360877435 326
1623752168654 43.77052571656564 327
1623752221465 105.79082007236552 328
1623752256253 102.76729627286329 329
1623752283023 9.365040209907017 330
1623752311489 1.9154140117160865 331
1623752359715 98.87660346625815 332
1623752385321 96.08560663118763 333
1623752416737 9.411158965878386 334
1623752461402 144.12022728927212 335
1623752503237 144.12022728927212 336
1623752569641 140.71784661029625 337
1623752619179 143.90006118230946 338
1623752702675 140.0852747339538 339
1623752735704 64.36120789615075 340
1623752761500 22.279092844163113 341
1623752787739 -56.31832337464446 342
1623752846412 99.55014904727184 343
1623752872873 99.55014904727184 344
1623752910873 92.27204342870658 345
1623752948029 152.82460817513302 346
1623752986737 137.67365301603752 347
1623753047253 130.70620803979668 348
1623753115108 137.66114450973237 349
1623753162967 132.134356441031 350
1623753215991 172.7634121241465 351
1623753254552 172.7634121241465 352
1623753284863 93.09865306049869 353
1623753319214 93.09865306049869 354
1623753369851 78.86223463078753 355
1623753415853 113.58572897603213 356
1623753459034 138.98269268363572 357
1623753500368 135.09241164516408 358
1623753531127 94.57912018565666 359
1623753592074 107.90859912848926 360
1623753631187 109.80069127236031 361
1623753669574 109.80069127236031 362
1623753721883 99.72860668045374 363
1623753775967 171.4591473870371 364
1623753827358 171.4591473870371 365
1623753859429 83.74546023670814 366
1623753907956 83.74546023670814 367
1623753955443 77.95471305153555 368
1623754016160 121.05239014778519 369
1623754056012 121.05239014778519 370
1623754095502 59.78061599305281 371
1623754140210 72.72356905687863 372
1623754239768 216.1046154195776 373
1623754279385 216.1046154195776 374
1623754329111 125.01894752427752 375
1623754398185 125.01894752427752 376
1623754460390 147.49175713918044 377
1623754530231 215.48365605675744 378
1623754583106 186.21096243970274 379
1623754618830 144.51605303954494 380
1623754666916 150.59165043864783 381
1623754726230 150.59165043864783 382
1623754745833 81.46866135394917 383
1623754796296 179.67756641211926 384
1623754870426 179.67756641211926 385
1623754892801 100.63368325759026 386
1623754955283 262.36422611347405 387
1623755019948 260.31643167614885 388
1623755124767 157.86160742932293 389
1623755170988 170.7495204169325 390
1623755230054 170.7495204169325 391
1623755302500 170.61214792030256 392
1623755334080 170.61214792030256 393
1623755393365 143.91779612664538 394
1623755468215 184.81860868167527 395
1623755524778 184.81860868167527 396
1623755579857 116.73650153954432 397
1623755701425 179.15750367821266 398
1623755757176 179.15750367821266 399
