1623743627440 -1595.209951498875 0
1623743652304 -578.6490637816903 1
1623743669378 -197.91537700278818 2
1623743685288 -140.80718545000636 3
1623743701902 -122.27239644461847 4
1623743719439 -147.34601123200792 5
1623743736201 -141.21707978859612 6
1623743755446 -140.88575067287948 7
1623743775227 -149.55313712912923 8
1623743792483 -137.4433123433137 9
1623743810015 -138.40378560585646 10
1623743830134 -120.73108463608085 11
1623743848528 -121.93338869760893 12
1623743865455 -154.9168848048976 13
1623743884838 -147.2383342810817 14
1623743902504 -131.8007882732905 15
1623743920319 -100.16882074779699 16
1623743935992 -129.72269304886356 17
1623743954230 -162.36667026325978 18
1623743970265 -131.1813514730456 19
1623743990446 -118.75592673694435 20
1623744008952 -131.48709598531588 21
1623744025841 -126.88788103098076 22
1623744041956 -135.27610441361077 23
1623744058724 -140.00470251272833 24
1623744074720 -130.73565552424543 25
1623744091643 -141.71954295532328 26
1623744106926 -127.2756372915508 27
1623744125406 -184.65701129090525 28
1623744142941 -132.37825548424465 29
1623744160641 -123.74435252460657 30
1623744178212 -137.4942199970697 31
1623744193934 -136.90621983978707 32
1623744211857 -171.3802124539685 33
1623744227582 -121.68689574928419 34
1623744245481 -154.0817649166795 35
1623744263214 -130.94596632785357 36
1623744281000 -140.51685419753628 37
1623744297260 -127.77846963908897 38
1623744311850 -126.51290465214959 39
1623744328568 -135.62784374336582 40
1623744345637 -137.1809004162049 41
1623744362694 -126.56565944730042 42
1623744380213 -100.66409275935435 43
1623744396853 -137.54571782039613 44
1623744412052 -137.56382110766015 45
1623744428727 -150.9803676970085 46
1623744445126 -126.75575478505633 47
1623744461225 -121.66745572495947 48
1623744477591 -130.87659418145776 49
1623744492533 -134.957416406741 50
1623744509828 -147.69203432330238 51
1623744525479 -127.56997283397509 52
1623744541698 -123.27888966081237 53
1623744557573 -134.23595090115177 54
1623744573800 -133.1473349468242 55
1623744589365 -126.63142995303267 56
1623744605783 -127.49755063889316 57
1623744622396 -134.36650085573007 58
1623744638541 -141.9745391369082 59
1623744654792 -133.5818264020898 60
1623744673265 -135.6011663732694 61
1623744689620 -126.0078482049543 62
1623744707612 -125.49692178837486 63
1623744722632 -124.92163639888513 64
1623744740752 -94.34841803160177 65
1623744756730 -92.64995083279136 66
1623744773363 -120.20033762139808 67
1623744790074 -119.2165722180292 68
1623744808453 -166.31841790856413 69
1623744825880 -122.79102385843507 70
1623744841026 -123.83628907671007 71
1623744857028 -143.76683074420262 72
1623744875691 -123.25337451075669 73
1623744890914 -115.60611197119349 74
1623744906992 -121.49653669165089 75
1623744924450 -111.27199661869233 76
1623744940685 -112.14408915302265 77
1623744956468 -122.89825877706721 78
1623744971904 -124.4434438313416 79
1623744989539 -118.00899701684122 80
1623745004941 -106.08741822066784 81
1623745021773 -96.92611294329399 82
1623745039792 -124.82286928988769 83
1623745057240 -132.20969166864342 84
1623745075138 -159.09956608863578 85
1623745092558 -131.81856904661544 86
1623745110557 -116.69887418605678 87
1623745127292 -122.85921153168519 88
1623745145022 -126.2333176761719 89
1623745161413 -133.07657247772622 90
1623745177434 -94.68225514974294 91
1623745193123 -134.40261527830347 92
1623745209892 -120.0030696111468 93
1623745229030 -111.99041829760645 94
1623745245682 -119.75774238942942 95
1623745260854 -118.63064509758638 96
1623745279489 -127.66787254785615 97
1623745297070 -123.03176926126787 98
1623745312716 -125.01477458425475 99
1623745329216 -112.57769741551697 100
1623745344698 -115.65181072222575 101
1623745360345 -129.50690675509932 102
1623745378549 -141.058521724437 103
1623745397658 -124.47011774655303 104
1623745414494 -113.94188861992893 105
1623745431173 -133.39640333676908 106
1623745448128 -119.34310043172836 107
1623745463374 -117.21929859447826 108
1623745479556 -130.8852159325171 109
1623745496609 -116.30823560015726 110
1623745511839 -137.50602833465655 111
1623745526929 -130.6491522241135 112
1623745543913 -126.3307912416974 113
1623745560967 -109.09208834768474 114
1623745579248 -120.17643595598079 115
1623745597368 -100.48431857755166 116
1623745612332 -130.22316288779703 117
1623745627945 -112.20610777169705 118
1623745644726 -104.57174647511195 119
1623745659752 -129.9051981061123 120
1623745678168 -113.07871138503356 121
1623745695790 -121.3215500032164 122
1623745712310 -122.33382045759717 123
1623745730213 -136.33863937187294 124
1623745748422 -146.27634645978156 125
1623745764254 -129.3301068100409 126
1623745780954 -127.2062207301889 127
1623745799205 -135.44618808728904 128
1623745816125 -136.41128286892746 129
1623745833183 -138.03229324447233 130
1623745850003 -121.89309393731409 131
1623745868626 -128.7598565992236 132
1623745884835 -117.6840871348933 133
1623745903877 -148.89934477896765 134
1623745921312 -123.43407048074994 135
1623745939277 -122.30332964762886 136
1623745958456 -129.02817637793333 137
1623745976876 -95.10878659742347 138
1623745993588 -115.48293118217 139
1623746009370 -134.28494634401187 140
1623746025578 -116.15417759061897 141
1623746043559 -122.72401748282607 142
1623746062001 -138.95095000633043 143
1623746077600 -119.58370920003594 144
1623746095154 -168.40675493384256 145
1623746112016 -124.43238820415327 146
1623746129763 -186.74913166168835 147
1623746148083 -129.75420212805352 148
1623746163582 -118.25050084174015 149
1623746179401 -137.56731311394424 150
1623746197722 -127.09769064972427 151
1623746213105 -111.43783423522102 152
1623746230687 -128.81092399581925 153
1623746247262 -111.71079872798745 154
1623746264223 -120.52099640282222 155
1623746281040 -104.9431555471833 156
1623746298566 -116.01665634529482 157
1623746315730 -134.06699356892744 158
1623746331644 -94.4855427313521 159
1623746348458 -147.3362083168725 160
1623746364926 -107.11105258836544 161
1623746380562 -117.48308689656747 162
1623746396953 -127.57039599158338 163
1623746412513 -126.6155039414818 164
1623746429508 -116.14804268690428 165
1623746446688 -128.3876802524009 166
1623746464706 -157.60982297949892 167
1623746482989 -148.25927081526552 168
1623746498679 -138.2726733581842 169
1623746515935 -151.71387011516262 170
1623746534519 -128.2032965897751 171
1623746550855 -112.18076384315582 172
1623746565744 -114.56536008109654 173
1623746582043 -119.47758550570867 174
1623746597352 -116.54047843450557 175
1623746613550 -117.33465907811394 176
1623746629848 -119.49785370229365 177
1623746647192 -132.57040485225804 178
1623746663957 -84.62125984217474 179
1623746682450 -109.23741288202879 180
1623746702187 -136.1517415819259 181
1623746720462 -105.78928037555208 182
1623746739431 -133.31983003853935 183
1623746758324 -145.08312072777053 184
1623746774752 -126.67437222211888 185
1623746792753 -135.9681252883705 186
1623746811651 -117.09160629151673 187
1623746830618 -102.67288173862343 188
1623746851186 -119.16761343123198 189
1623746871609 -118.64680596747436 190
1623746894719 -98.38157076501993 191
1623746918520 -117.6396462184586 192
1623746940601 -117.60790842102935 193
1623746962037 -110.4909544423181 194
1623746980159 -106.24857148313761 195
1623747001696 -80.11176745258801 196
1623747023751 -81.58850653502508 197
1623747045964 -63.70301392810345 198
1623747068546 -107.63982857556286 199
1623747090106 -126.56627969682545 200
1623747111721 -118.77731857358472 201
1623747130706 -125.39631753852291 202
1623747153497 -92.42211811306802 203
1623747175434 -97.25871976537651 204
1623747200206 -66.51302013977161 205
1623747239724 -112.88245643272771 206
1623747262819 -79.11052947761786 207
1623747289054 -93.51719340217619 208
1623747312485 -137.24336418049162 209
1623747335848 -45.55717955649484 210
1623747367796 -173.24495915854988 211
1623747404463 -103.73015742987143 212
1623747437881 -88.06377245479352 213
1623747474644 -40.46172526526895 214
1623747501552 -107.75588493427662 215
1623747525810 -147.23380432347295 216
1623747555125 -98.08036754048416 217
1623747579219 -122.79529001410606 218
1623747608832 -83.60037107735815 219
1623747635672 -133.7955247435087 220
1623747667247 -64.40669160217378 221
1623747708581 -53.254421256529646 222
1623747757568 -62.62791703423308 223
1623747798633 -65.887972238206 224
1623747828104 -68.61281356319974 225
1623747868740 -141.6487535816354 226
1623747905374 -183.86618322859732 227
1623747938284 -134.78662013662023 228
1623747975797 -64.38710732226797 229
1623748020190 -20.631718492904675 230
1623748079777 -67.25539681241334 231
1623748132439 -79.35940658323202 232
1623748163840 -208.30379427187646 233
1623748204898 -53.26696012947885 234
1623748263338 -18.979583186812363 235
1623748330448 -114.16692490773353 236
1623748382542 -103.4421827283384 237
1623748422883 -59.07036690703973 238
1623748461951 -44.88155261854676 239
1623748521787 -19.206007463334043 240
1623748550836 -77.85854760503511 241
1623748590427 -88.97373106984678 242
1623748627925 -129.28664163081686 243
1623748651069 -126.04772069221171 244
1623748685348 -28.736035285744812 245
1623748731967 -68.81012889464296 246
1623748768794 -63.37459180689505 247
1623748817028 -145.42659410219815 248
1623748867276 -121.90461011363519 249
1623748910633 -57.09114141691119 250
1623748947908 -91.33164576693937 251
1623748988600 -86.96212489699059 252
1623749029452 -152.0467949718688 253
1623749070294 -93.45204288565749 254
1623749105886 -82.17239255910336 255
1623749144690 -108.21014591575367 256
1623749186077 -78.18769454361949 257
1623749258396 -69.8659552914751 258
1623749285200 -135.97172067087538 259
1623749310566 -115.60966899576287 260
1623749345334 -112.61791535234867 261
1623749424387 -49.24727909501582 262
1623749464423 -40.83701538962577 263
1623749500687 -210.18884824435136 264
1623749535266 -105.85890387018355 265
1623749580789 -81.66634127338155 266
1623749619283 -134.69934808802276 267
1623749649252 -114.9481011681033 268
1623749686768 -51.73432440241193 269
1623749754724 -32.2260538256451 270
1623749813088 -157.75814381535355 271
1623749836815 -91.27791869787274 272
1623749870392 -167.84446304761923 273
1623749916872 -96.41915066287318 274
1623749964495 -89.66722273085313 275
1623749996329 -103.04638885924041 276
1623750035248 -25.133654715326493 277
1623750069351 -20.61640143222004 278
1623750107078 -41.93272332598807 279
1623750140258 -18.366337003954058 280
1623750179479 -20.163038942204455 281
1623750248364 -3.2265824220621853 282
1623750278308 -124.08176829750025 283
1623750355734 -36.200148072612606 284
1623750385958 -131.31120440720983 285
1623750421638 -114.24439601974659 286
1623750459683 -53.0243158983299 287
1623750505582 -55.68116005158977 288
1623750565316 -85.24910278066366 289
1623750605145 -132.8089101488972 290
1623750632622 -56.644106521453025 291
1623750655629 -120.28681801156272 292
1623750692041 -101.78385207924137 293
1623750732317 -80.48657487527433 294
1623750778682 -119.55229699254475 295
1623750816667 -29.36796364971256 296
1623750842966 -102.60841125484191 297
1623750884023 -47.45411771491781 298
1623750917125 -42.16045365365807 299
1623750940973 -62.47487225356099 300
1623750976541 -54.37771173868307 301
1623751007685 -90.5356514216012 302
1623751046800 -95.44367971178785 303
1623751121470 -132.71165114584034 304
1623751174029 -122.4718918381986 305
1623751205723 -64.79627756334497 306
1623751236171 -89.98342949063041 307
1623751277712 -90.64526338785136 308
1623751310624 -109.77841417274763 309
1623751335903 -99.68291759337092 310
1623751374671 -6.940523836092649 311
1623751411253 -134.78799745723308 312
1623751466311 -50.03122468499963 313
1623751509690 -112.26077643530807 314
1623751543520 -42.53339236503384 315
1623751600535 -42.97329946925265 316
1623751654831 -68.65254377277441 317
1623751719660 -77.91838630462456 318
1623751787945 -69.56731225898812 319
1623751822834 -22.791767702652944 320
1623751866206 -14.930178438064994 321
1623751940591 -65.9995600773607 322
1623751987999 -79.79658279627662 323
1623752025839 -56.0865187772949 324
1623752076486 -84.08102848232227 325
1623752137102 -34.164728411744974 326
1623752168606 -58.87513730939897 327
1623752221416 -29.582356807965187 328
1623752256207 -121.69496599093698 329
1623752282975 -137.58044110742358 330
1623752311442 -98.86378756264062 331
1623752359668 -57.13495325038217 332
1623752385273 -156.2974788930327 333
1623752416689 -70.18888992789317 334
1623752461352 7.5973321240601255 335
1623752503189 -77.54585329526739 336
1623752569591 -16.556725695443355 337
1623752619126 -47.758873031892634 338
1623752702622 -100.20926633915808 339
1623752735654 -97.13457914545813 340
1623752761449 -178.3839158111589 341
1623752787687 -97.42796824128088 342
1623752846363 -28.59256535242012 343
1623752872824 -113.11956407169964 344
1623752910821 -77.43619144889735 345
1623752947980 -24.753810669036604 346
1623752986689 -62.172657178156896 347
1623753047206 -1.3105397028885193 348
1623753115060 -20.079560749711817 349
1623753162919 -35.499190727433756 350
1623753215944 47.99038761726791 351
1623753254504 -65.97362088284152 352
1623753284815 -17.31903719102619 353
1623753319167 -89.48871227530468 354
1623753369803 -85.7148962977067 355
1623753415807 -18.075241901707603 356
1623753458986 -35.631096222205855 357
1623753500321 -99.95890429068503 358
1623753531078 -16.197131958169795 359
1623753592024 -63.70222889128613 360
1623753631138 -67.46208405394526 361
1623753669527 -40.82069714456286 362
1623753721834 -132.78986487034254 363
1623753775919 -15.924117948068377 364
1623753827309 -18.598912841213682 365
1623753859382 25.88381148795579 366
1623753907906 -49.85479574987831 367
1623753955395 -53.377151592314476 368
1623754016104 -56.41082099229393 369
1623754055960 -123.43169947979041 370
1623754095450 -86.56733870486389 371
1623754140158 -71.90068359269807 372
1623754239716 24.72712502661138 373
1623754279337 -74.38228954413219 374
1623754329063 -18.702414848496403 375
1623754398136 -59.33301877747427 376
1623754460341 -26.533505837785448 377
1623754530180 12.271433398422001 378
1623754583057 -33.52966499553849 379
1623754618780 -62.91378004265825 380
1623754666866 -29.896703852713642 381
1623754726181 -81.20578392420411 382
1623754745784 -91.74372053963137 383
1623754796246 -68.92534652275633 384
1623754870375 -20.72439837060408 385
1623754892749 -122.03540164949027 386
1623754955219 64.32838904353994 387
1623755019896 -54.48558868812995 388
1623755124717 -24.44475593361403 389
1623755170938 14.532724786955237 390
1623755230003 -125.15382258499376 391
1623755302450 16.13400123583683 392
1623755334031 -99.65411088344999 393
1623755393314 -21.712383615078203 394
1623755468164 17.78297020641704 395
1623755524728 -35.377967071663605 396
1623755579806 -75.58987926586533 397
1623755701374 38.13629295433327 398
1623755757126 -78.6900952893012 399
