1623704472872 -501 0
1623704496022 -235 1
1623704517687 -162 2
1623704540893 -161 3
1623704565221 -142 4
1623704588488 -131 5
1623704611666 -147 6
1623704632931 -130 7
1623704652660 -132 8
1623704675217 -118 9
1623704694781 -108 10
1623704715675 -124 11
1623704750412 -132 12
1623704782082 -104 13
1623704815673 -117 14
1623704847603 -150 15
1623704874385 -162 16
1623704901348 -117 17
1623704929803 -126 18
1623704955523 -137 19
1623704982588 -131 20
1623705016147 -106 21
1623705041627 -95 22
1623705066868 -126 23
1623705092202 -152 24
1623705120209 -145 25
1623705147694 -141 26
1623705174896 -116 27
1623705202855 -132 28
1623705229787 -136 29
1623705257814 -154 30
1623705285777 -95 31
1623705313903 -117 32
1623705348338 -154 33
1623705372644 -139 34
