1623704472893 -88.37063946199413 0
1623704496045 -88.37063946199413 1
1623704517713 -49.94149941352521 2
1623704540926 -77.30099536451728 3
1623704565246 -92.54835588253475 4
1623704588518 -92.72519720469752 5
1623704611698 -117.92118466511192 6
1623704632955 -115.92898787975994 7
1623704652686 -115.92898787975994 8
1623704675243 -95.68274912074708 9
1623704694802 -96.77546790189733 10
1623704715702 -102.50126676990074 11
1623704750472 -110.66653306316229 12
1623704782123 -101.20687023796873 13
1623704815711 -101.41156047444247 14
1623704847636 -103.79349010209107 15
1623704874418 -120.59498359875829 16
1623704901396 -112.00480563634952 17
1623704929835 -113.64453980508969 18
1623704955556 -75.39736460904433 19
1623704982620 -75.39736460904433 20
1623705016179 -56.39856808190272 21
1623705041659 -56.39856808190272 22
1623705066901 -95.12912560920307 23
1623705092234 -123.30920613200719 24
1623705120241 -116.25584202855293 25
1623705147732 -104.56230260617933 26
1623705174929 -90.5346895892604 27
1623705202888 -90.5346895892604 28
1623705229813 -107.77447652840183 29
1623705257854 -108.01515770595333 30
1623705285810 -73.34011405885478 31
1623705313939 -83.92535542830896 32
1623705348395 -100.2700631688888 33
1623705372673 -81.8629925473517 34
1623705398649 -81.8629925473517 35
1623705431022 -42.09270588823246 36
1623705459144 -42.09270588823246 37
1623705486748 -98.56159123046866 38
1623705509469 -37.09723136749722 39
1623705530402 -79.47354785383456 40
1623705554962 -70.11694474547973 41
1623705573019 -45.5172034367492 42
1623705594408 -76.26103568338824 43
1623705616763 -19.00438264919914 44
1623705638258 -16.726264312122147 45
1623705662675 -28.224815571967035 46
1623705683524 -39.728132705400995 47
1623705718374 20.478507916057914 48
1623705745778 -20.515286919754413 49
1623705775635 -26.25736349181934 50
1623705807673 -26.25736349181934 51
1623705845044 -37.10462381866116 52
1623705880554 -16.547170831876336 53
1623705918789 -29.235791400109882 54
1623705954171 -16.93780295254924 55
1623705988120 -34.73795161109088 56
1623706022995 8.811719744010762 57
1623706053898 8.811719744010762 58
1623706082705 -70.94554524077493 59
1623706118982 -70.94554524077493 60
1623706149371 -52.350665499412926 61
1623706182754 -51.09027766252325 62
1623706213726 -51.09027766252325 63
1623706244673 -58.44681013888296 64
1623706279760 -2.273766099362933 65
1623706313002 -2.273766099362933 66
1623706342199 -63.32021120637057 67
1623706366037 -65.79613094149518 68
1623706393026 -76.46089358288145 69
1623706430301 -48.18288759887865 70
1623706458854 -19.219256526384108 71
1623706490975 -19.219256526384108 72
1623706526829 -71.99708168698768 73
1623706557159 -43.14194964401427 74
1623706588252 -28.953691107381076 75
1623706619536 -28.953691107381076 76
1623706655777 -31.761702592867096 77
1623706681141 -3.4778026263805883 78
1623706712830 -3.4778026263805883 79
1623706744055 -56.78463218106062 80
1623706777411 -41.87813808100704 81
1623706813770 -41.87813808100704 82
1623706846407 -45.52926564772355 83
1623706873911 -51.80358584451242 84
1623706900228 -84.38223493342655 85
1623706932505 -59.646471310811464 86
1623706962270 -41.82767739870614 87
1623707004540 -46.77008290964089 88
1623707041350 -7.929695693736659 89
1623707079938 -7.929695693736659 90
1623707112246 -33.767494574072416 91
1623707145096 -16.73653440463521 92
1623707175016 -1.2195834837559034 93
1623707204764 -1.2195834837559034 94
1623707254491 11.217413862285644 95
1623707288270 11.217413862285644 96
1623707322310 -2.3649682704046713 97
1623707349432 -27.994023390601775 98
1623707378657 -21.725326356032948 99
1623707409431 -21.446237114331904 100
1623707440498 -21.446237114331904 101
1623707473133 -15.541480560102542 102
1623707501803 -15.541480560102542 103
1623707536858 -39.663164841201066 104
1623707567339 -12.49021107392456 105
1623707602040 21.506678180509653 106
1623707632839 21.506678180509653 107
1623707662930 43.2288477017702 108
1623707694705 43.2288477017702 109
1623707725680 -34.417430740629854 110
1623707754192 -58.80775406062035 111
1623707788032 -44.85936980063079 112
1623707821140 -2.6121296922654267 113
1623707857705 -2.6121296922654267 114
1623707888856 -51.961190279061796 115
1623707923456 -38.544064744149566 116
1623707950123 -41.96613208554266 117
1623707980645 -51.33143767322522 118
1623708009396 -32.8986066933014 119
1623708052545 -32.8986066933014 120
1623708094620 -51.493919143877726 121
1623708120670 -51.493919143877726 122
1623708152267 -85.34093126461975 123
1623708185824 -51.30783145177837 124
1623708215729 -36.258679654072196 125
1623708245890 -44.0050288477765 126
1623708281594 -80.35598529274824 127
1623708309248 -80.1650192143579 128
1623708347014 -78.1498954940485 129
1623708390204 -15.29962887084055 130
1623708420593 -15.29962887084055 131
1623708447306 -0.4734858732246948 132
1623708474588 -0.4734858732246948 133
1623708498406 -44.07265443577633 134
1623708521153 -71.5997007879021 135
1623708544837 -27.04874127177958 136
1623708564396 -60.167638865430625 137
1623708584196 -60.167638865430625 138
1623708604162 -82.89037824967662 139
1623708627575 -10.913377685666765 140
1623708649063 -10.913377685666765 141
1623708671409 -37.889638993208564 142
1623708690086 -37.889638993208564 143
1623708711575 -58.14918357009263 144
1623708736474 -69.26789444547279 145
1623708763555 -78.6547721372701 146
1623708791760 -50.851742183693624 147
1623708824135 -38.06550154466335 148
1623708859210 24.8629570916131 149
1623708887351 24.8629570916131 150
1623708919167 -28.621637938057585 151
1623708954184 -14.250750396364253 152
1623708990524 -10.04560339036323 153
1623709024257 -10.04560339036323 154
1623709058670 -48.176095635290395 155
1623709091152 1.8598283900668036 156
1623709120323 1.8598283900668036 157
1623709149403 -54.92904424813499 158
1623709181839 -54.92904424813499 159
1623709211884 59.33715940586693 160
1623709244406 59.33715940586693 161
1623709276937 -27.430268727743965 162
1623709305861 -44.772451269607004 163
1623709337785 -11.604350861760622 164
1623709370814 -11.604350861760622 165
1623709402201 -73.84316904670416 166
1623709430525 -76.94358622167385 167
1623709460555 -69.84095839540498 168
1623709488839 -69.84095839540498 169
1623709514688 -65.80044122323775 170
1623709543304 -43.51358053137729 171
1623709576317 -52.41752959201197 172
1623709608386 -31.858025849522818 173
1623709639583 -20.250768043129586 174
1623709670639 -26.26415318610796 175
1623709698401 -62.09286586762486 176
1623709725576 -69.6273322152197 177
1623709752289 -63.942363382889354 178
1623709785233 -54.65894982865753 179
1623709819687 -41.38632704831159 180
1623709856207 -57.42423703588211 181
1623709886948 -23.02398689737048 182
1623709915382 -23.02398689737048 183
1623709944260 -86.70472786819367 184
1623709970378 -50.02981420672269 185
1623709991432 -31.31215770120186 186
1623710012747 -51.43109865316884 187
1623710032269 -51.43109865316884 188
1623710060454 28.845514714256154 189
1623710081459 28.845514714256154 190
1623710104334 -52.04787977052597 191
1623710130763 -52.04787977052597 192
1623710170136 66.86481786727636 193
1623710192592 66.86481786727636 194
1623710237350 68.89803497596074 195
1623710263266 68.89803497596074 196
1623710295282 -16.388413972708083 197
1623710318614 -8.11090947769568 198
1623710353156 -8.11090947769568 199
1623710372431 -60.78686854738312 200
1623710394082 -7.485441245987053 201
1623710417994 -7.485441245987053 202
1623710442382 -33.46601299693553 203
1623710465804 -38.40435305684741 204
1623710489840 -28.217863473635827 205
1623710513119 -28.217863473635827 206
1623710535671 -34.86603815502573 207
1623710557931 -13.052641504693407 208
1623710580794 -13.052641504693407 209
1623710602916 -62.725023007034636 210
1623710624842 -50.01938853884959 211
1623710652067 -50.01938853884959 212
1623710673958 -78.5894843630716 213
1623710697645 -47.82615670432357 214
1623710721122 -37.78987165940747 215
1623710742333 -37.78987165940747 216
1623710764329 -62.83634276388966 217
1623710787794 -43.59314258230048 218
1623710810617 -53.692898811286284 219
1623710836165 -30.849842452621488 220
1623710857554 -30.849842452621488 221
1623710877047 -70.06288877406439 222
1623710898560 -41.01918317374111 223
1623710922332 74.11871195230829 224
1623710942069 -39.8838337200346 225
1623710963505 -62.638650617067455 226
1623710985519 -62.638650617067455 227
1623711005896 -78.21440421797345 228
1623711024895 -32.72361521310241 229
1623711045116 -32.72361521310241 230
1623711075333 -34.775920232311954 231
1623711100532 -34.775920232311954 232
1623711122293 -64.98589461356872 233
1623711145170 -51.61923477661784 234
1623711168733 -11.193720289448137 235
1623711190213 14.416175477812397 236
1623711211369 -0.1051852906616972 237
1623711242836 32.902430325584184 238
1623711270717 32.902430325584184 239
1623711299208 -30.603336755004783 240
1623711318411 -65.72489545346627 241
1623711341134 -57.128522418939156 242
1623711363672 -26.245662421810813 243
1623711383911 0.527475056808683 244
1623711408601 0.527475056808683 245
1623711429827 -15.637576926607059 246
1623711453554 -61.578954611430504 247
1623711483375 -11.307250627321633 248
1623711506842 -11.307250627321633 249
1623711531317 20.399341368198456 250
1623711553102 20.399341368198456 251
1623711576106 10.120380532842244 252
1623711596989 -77.44279386857554 253
1623711620828 -5.028215884651459 254
1623711640036 17.19014501688526 255
1623711665061 17.19014501688526 256
1623711689054 -13.236700569841597 257
1623711713378 -48.13966982515709 258
1623711736460 -50.932768659780265 259
1623711760409 -32.65189786634172 260
1623711783514 -32.65189786634172 261
1623711807562 -38.0331931287551 262
1623711831550 -58.32639024429998 263
1623711854986 -8.63249660580836 264
1623711876135 -81.56724145776927 265
1623711895212 -90.83150988480415 266
1623711915412 35.655871778386654 267
1623711937310 35.655871778386654 268
1623711964081 -41.89878815245388 269
1623711983502 -44.98521727659215 270
1623712001543 -52.84764130108147 271
1623712022308 -19.047875092538995 272
1623712041658 -15.7357195202865 273
1623712063482 -15.7357195202865 274
1623712087115 -53.19028172173423 275
1623712109543 -11.175772536445763 276
1623712137754 -8.497935365632634 277
1623712159262 -8.497935365632634 278
1623712186149 -64.9118526811302 279
1623712213438 -15.365214781350272 280
1623712233970 -18.01979005324708 281
1623712257723 -49.378386664762864 282
1623712277015 -49.378386664762864 283
1623712296421 -70.41518254859028 284
1623712323240 -21.495599626710572 285
1623712346963 -21.495599626710572 286
1623712368608 -58.39411413413436 287
1623712391579 -78.17925113373477 288
1623712418968 -2.762929828435412 289
1623712444974 -2.762929828435412 290
1623712468607 -7.301355069096848 291
1623712494892 -62.9008090843361 292
1623712518603 -82.14498554792581 293
1623712537439 -83.54503865404399 294
1623712558708 -83.54503865404399 295
1623712583256 -85.3261427066619 296
1623712607491 -63.28420219867023 297
1623712623901 -63.28420219867023 298
1623712642616 -79.27687211499149 299
1623712662999 -72.81631070805953 300
1623712682712 -67.04275977231462 301
1623712706074 4.505736162971258 302
1623712732102 4.505736162971258 303
1623712764176 -41.04379168416752 304
1623712791800 -41.04379168416752 305
1623712821636 -75.34081303817443 306
1623712853794 -65.33305214259585 307
1623712887363 -64.27185753262198 308
1623712928150 -64.27185753262198 309
1623712962836 -46.58713750263609 310
1623712986936 -14.690946154775753 311
1623713006674 -14.690946154775753 312
1623713032200 -43.64217586321441 313
1623713050651 -43.64217586321441 314
1623713070171 -24.39293516134394 315
1623713094246 -24.39293516134394 316
1623713118985 -33.60780007725093 317
1623713144479 -56.963906736828356 318
1623713167383 -56.54027397233274 319
1623713187138 -59.10098821535591 320
1623713208404 -35.097789482254555 321
1623713228997 -32.55822754830414 322
1623713248326 -25.174576837682196 323
1623713267071 -20.004256575472272 324
1623713287811 -34.44101358337092 325
1623713304722 -37.11822715872493 326
1623713325187 -52.69833875814838 327
1623713347821 -31.97154015077184 328
1623713369539 -24.327349431713042 329
1623713390366 -4.343793096093345 330
1623713413989 -4.343793096093345 331
1623713431725 -33.2406422170948 332
1623713453627 -42.006559961555865 333
1623713476374 -63.51941707859557 334
1623713495204 -52.68345373952924 335
1623713515843 -35.74718993931937 336
1623713536671 -35.74718993931937 337
1623713560503 -54.85545719335103 338
1623713580434 -62.06642555940532 339
1623713601735 -27.854951373063322 340
1623713624385 -27.854951373063322 341
1623713645498 -75.63520063631252 342
1623713664390 -67.60868231402631 343
1623713684067 -55.1676762111185 344
1623713702391 -56.86946048110131 345
1623713722147 -50.39928434810735 346
1623713741499 -51.229414935011654 347
1623713762582 -34.40329056140171 348
1623713784205 19.595532491875616 349
1623713806154 19.595532491875616 350
1623713824005 -76.23475481139778 351
1623713847116 -76.23475481139778 352
1623713869050 -67.29378590679536 353
1623713890716 -72.80357088999918 354
1623713914393 -59.97497725410574 355
1623713934440 -61.00740473378943 356
1623713962254 -76.84493461504793 357
1623713996010 -51.36223409498622 358
1623714024784 -51.36223409498622 359
1623714051936 -80.8638852396728 360
1623714088104 -63.14185446816246 361
1623714119858 -63.14185446816246 362
1623714151747 -8.589571759707024 363
1623714185477 -45.12291005106799 364
1623714214185 -58.04686757018652 365
1623714245987 -55.122716880960866 366
1623714276866 -55.122716880960866 367
1623714306460 -55.321225957246156 368
1623714337529 -18.600409635316932 369
1623714365697 -46.09758685922228 370
1623714391935 -53.11317219153225 371
1623714418414 -53.11317219153225 372
1623714448421 -54.16707476520408 373
1623714479783 -44.74552436466108 374
1623714515185 -16.02145362435491 375
1623714566244 -16.02145362435491 376
1623714597980 4.9614480814841615 377
1623714636969 4.9614480814841615 378
1623714675104 11.81909320176914 379
1623714704563 -14.857206728675887 380
1623714734469 -14.857206728675887 381
1623714762438 -23.333207397772753 382
1623714790961 -23.333207397772753 383
1623714830553 7.723377479757387 384
1623714862677 7.723377479757387 385
1623714894059 -49.94766349622246 386
1623714929326 -2.913326350318164 387
1623714966118 -2.913326350318164 388
1623714999617 -15.10531238900993 389
1623715032265 -58.042361178862485 390
1623715069962 48.20998242949439 391
1623715105783 93.20130267414349 392
1623715139010 93.20130267414349 393
1623715172748 -75.93069402351333 394
1623715207059 -12.365312984907765 395
1623715244907 -12.365312984907765 396
1623715271517 -35.83666055792925 397
1623715299505 -52.76270965842866 398
1623715328791 -38.349032180652124 399
