1623704472850 -1595.209951498875 0
1623704495999 -580.0260651758382 1
1623704517665 -498.8240671390304 2
1623704540861 -569.751358889879 3
1623704565193 -406.37383328579637 4
1623704588455 -400.95727538615256 5
1623704611634 -150.1794379721414 6
1623704632909 -233.17767869051636 7
1623704652637 -133.23502974966243 8
1623704675182 -352.26224142376566 9
1623704694757 -112.009400165821 10
1623704715649 -125.58198189875091 11
1623704750351 -507.9965592283023 12
1623704782040 -180.01407895518125 13
1623704815634 -280.66891537582467 14
1623704847570 -419.4004070281122 15
1623704874352 -489.6417783484112 16
1623704901307 -135.49370013302436 17
1623704929770 -127.0333846510724 18
1623704955487 -139.36954989090046 19
1623704982535 -193.8073991221898 20
1623705016123 -122.13073338211218 21
1623705041593 -98.59316776039239 22
1623705066832 -129.9965723835524 23
1623705092171 -154.72034464597488 24
1623705120175 -145.75287096480025 25
1623705147660 -325.8295287923596 26
1623705174864 -297.7600599653935 27
1623705202822 -146.13729790498164 28
1623705229762 -244.3248624840071 29
1623705257775 -156.98699985649188 30
1623705285743 -192.53778480249062 31
1623705313865 -120.54134821288521 32
1623705348293 -462.6274423371269 33
1623705372619 -280.2482443485351 34
1623705398578 -345.029015613418 35
1623705430958 -234.31902126107133 36
1623705459052 -428.5472144130912 37
1623705486702 -425.7395039771257 38
1623705509422 -349.30257065852527 39
1623705530357 -433.94096656729664 40
1623705554920 -388.95031249165123 41
1623705572973 -154.76194183247827 42
1623705594362 -208.69346224931292 43
1623705616720 -141.40838997547402 44
1623705638217 -138.88762016969457 45
1623705662630 -297.44784231381584 46
1623705683478 -269.14507211537415 47
1623705718307 -466.89287366262363 48
1623705745713 -243.3184970571614 49
1623705775570 -281.33281522105625 50
1623705807609 -434.69205105197705 51
1623705844978 -365.2286590128372 52
1623705880489 -307.4273324929815 53
1623705918724 -275.3306978549175 54
1623705954107 -245.21194130024483 55
1623705988056 -266.37546165796607 56
1623706022930 -219.88292474802682 57
1623706053833 -333.2445791405874 58
1623706082640 -378.6605434046024 59
1623706118882 -399.7707068914177 60
1623706149306 -219.8461989386504 61
1623706182689 -428.8486598572863 62
1623706213661 -269.6338217738404 63
1623706244607 -256.0582486355171 64
1623706279695 -437.25522288371087 65
1623706312936 -216.41294970332746 66
1623706342133 -186.10543876878376 67
1623706365972 -326.6952622881303 68
1623706392960 -239.40836039256868 69
1623706430235 -276.0999363552166 70
1623706458787 -175.12628720857302 71
1623706490908 -274.13675490772755 72
1623706526763 -568.9838944045805 73
1623706557097 -310.6538014126053 74
1623706588186 -246.21698150060348 75
1623706619470 -286.98902336393905 76
1623706655710 -309.5181204216326 77
1623706681073 -182.84463203612543 78
1623706712764 -291.2878887440569 79
1623706743989 -260.6471651252137 80
1623706777345 -211.02202967232407 81
1623706813706 -475.336004617651 82
1623706846341 -234.8469347863961 83
1623706873825 -232.5048109629015 84
1623706900161 -181.9492997010415 85
1623706932436 -264.771513272218 86
1623706962201 -150.55438078659293 87
1623707004474 -334.9136581538993 88
1623707041287 -217.71941008008844 89
1623707079871 -222.63888417949775 90
1623707112182 -373.14879032686247 91
1623707145030 -226.67068334604974 92
1623707174949 -159.75525678550397 93
1623707204697 -268.37479092672436 94
1623707254424 -340.8805472554367 95
1623707288203 -219.8433102801336 96
1623707322234 -177.99088046471965 97
1623707349387 -192.2014244177507 98
1623707378587 -214.65659602287786 99
1623707409363 -166.47388204597854 100
1623707440430 -158.77708534691337 101
1623707473065 -152.25062419652153 102
1623707501735 -404.2504494328938 103
1623707536791 -301.03157461323974 104
1623707567272 -275.75228321336675 105
1623707601973 -328.6813815676388 106
1623707632771 -341.4241477554161 107
1623707662862 -213.92102961976144 108
1623707694636 -235.48112435466538 109
1623707725612 -388.1368499176483 110
1623707754124 -163.94135540203334 111
1623707787963 -311.9589121735942 112
1623707821069 -125.58333808049913 113
1623707857636 -270.7801416477766 114
1623707888791 -329.88312573635756 115
1623707923388 -281.49179917466597 116
1623707950058 -293.6177203537661 117
1623707980577 -200.717830519639 118
1623708009328 -199.27821130631492 119
1623708052474 -544.8418647076576 120
1623708094548 -388.6419023977682 121
1623708120581 -230.73089924775735 122
1623708152124 -249.35107221651432 123
1623708185756 -276.43753080504104 124
1623708215661 -217.6883407661857 125
1623708245821 -191.99859788520376 126
1623708281526 -355.1203010843707 127
1623708309180 -272.0725223033946 128
1623708346950 -361.55377120484803 129
1623708390138 -241.26043094511564 130
1623708420524 -303.18352503568724 131
1623708447260 -253.8925044084114 132
1623708474542 -470.47058432448046 133
1623708498363 -187.50923817450513 134
1623708521109 -203.5450406730738 135
1623708544792 -352.3778026357844 136
1623708564349 -146.3422741366611 137
1623708584149 -226.1677700601544 138
1623708604117 -326.95085567261214 139
1623708627531 -215.1162593211247 140
1623708649013 -251.57846504168282 141
1623708671363 -243.17842324044855 142
1623708690031 -162.8115590013107 143
1623708711530 -169.77788076948406 144
1623708736406 -239.1745685101072 145
1623708763486 -279.1982721573388 146
1623708791690 -156.52303466562893 147
1623708824068 -335.3425026584647 148
1623708859139 -242.29640988938792 149
1623708887281 -159.9695838218466 150
1623708919099 -411.86728199969286 151
1623708954115 -208.65363918460042 152
1623708990454 -247.59260692621828 153
1623709024190 -359.11492988007086 154
1623709058600 -356.0545302178932 155
1623709091082 -141.5677723271035 156
1623709120253 -275.75548782358095 157
1623709149331 -197.13662444508586 158
1623709181771 -374.07348981921353 159
1623709211816 -174.95208175192414 160
1623709244338 -542.787410231889 161
1623709276868 -339.0044237617558 162
1623709305794 -208.78202786809942 163
1623709337715 -238.21144983144626 164
1623709370743 -232.2609001952722 165
1623709402134 -185.34802828410824 166
1623709430458 -303.1067046168233 167
1623709460484 -411.47942416597755 168
1623709488767 -337.4974097087088 169
1623709514619 -215.35067367835308 170
1623709543232 -162.43910196237636 171
1623709576247 -124.77417646676113 172
1623709608314 -130.43927141942723 173
1623709639535 -299.55560593810634 174
1623709670569 -228.2272023193706 175
1623709698328 -175.5967506900224 176
1623709725505 -140.9146901753232 177
1623709752217 -145.79634949685254 178
1623709785162 -276.61893789460555 179
1623709819616 -225.6396347072574 180
1623709856136 -296.8146894566883 181
1623709886877 -286.95515627400806 182
1623709915303 -169.24249952049766 183
1623709944189 -155.75711815788517 184
1623709970330 -197.09847513726223 185
1623709991384 -228.09495754021515 186
1623710012698 -314.3008201964107 187
1623710032220 -174.45867832035702 188
1623710060406 -160.20680293896288 189
1623710081411 -242.02103726664035 190
1623710104286 -138.557259671202 191
1623710130694 -283.17299921613113 192
1623710170082 -211.31393639123263 193
1623710192543 -295.5085812350806 194
1623710237301 -307.685899958276 195
1623710263217 -225.1289716835253 196
1623710295232 -335.63083812634665 197
1623710318558 -155.03281455548836 198
1623710353109 -219.8937994177893 199
1623710372386 -227.87879124919118 200
1623710394032 -110.24755406414242 201
1623710417947 -368.6485549094517 202
1623710442332 -397.40970952530836 203
1623710465749 -249.38871791687734 204
1623710489789 -217.94584281086992 205
1623710513067 -233.80533896826333 206
1623710535622 -174.33054654727547 207
1623710557881 -215.63486328900973 208
1623710580745 -337.74560190491246 209
1623710602864 -256.2984155452547 210
1623710624789 -272.73440499851506 211
1623710652017 -225.86722746552778 212
1623710673866 -253.41293134821007 213
1623710697600 -283.9805582294169 214
1623710721071 -189.47490338386473 215
1623710742285 -296.14636493192137 216
1623710764279 -297.2716417177252 217
1623710787728 -261.0792875345983 218
1623710810570 -246.38806579290198 219
1623710836117 -301.0124615863948 220
1623710857503 -142.56500758043762 221
1623710876999 -216.70174051500135 222
1623710898510 -169.05981621710788 223
1623710922286 -179.0383017080856 224
1623710942020 -179.8391956624179 225
1623710963455 -194.0411191464316 226
1623710985470 -278.05333527101266 227
1623711005846 -189.2677828328028 228
1623711024845 -275.36027462508866 229
1623711045066 -285.76264183432716 230
1623711075286 -278.36307779902097 231
1623711100479 -275.9880655218029 232
1623711122243 -199.16409872860865 233
1623711145117 -243.7708733598252 234
1623711168679 -225.0279593593063 235
1623711190161 -146.59622938789371 236
1623711211318 -260.46177812174614 237
1623711242786 -364.71645064481874 238
1623711270653 -234.02966623002126 239
1623711299157 -296.3925569414877 240
1623711318360 -258.3597357205449 241
1623711341084 -373.5137003894507 242
1623711363620 -399.97458903730023 243
1623711383860 -293.5945512480821 244
1623711408549 -125.63715414261324 245
1623711429776 -331.42205860471324 246
1623711453476 -195.03488823241508 247
1623711483327 -179.13534541301226 248
1623711506792 -183.7153448498562 249
1623711531267 -205.01298028690044 250
1623711553052 -303.516094658252 251
1623711576055 -260.1834426002136 252
1623711596936 -201.65467142843934 253
1623711620776 -184.4167039587897 254
1623711639985 -116.06419586845391 255
1623711665008 -116.92390653106838 256
1623711689001 -246.04288568179635 257
1623711713329 -239.26900737471124 258
1623711736411 -276.32001118273587 259
1623711760360 -146.70858852787876 260
1623711783463 -227.0991620522277 261
1623711807512 -500.94379709290735 262
1623711831496 -187.71793173100008 263
1623711854935 -226.8687045976614 264
1623711876082 -208.90012694616047 265
1623711895160 -170.65269324204672 266
1623711915356 -133.6123155546532 267
1623711937259 -237.4013567270127 268
1623711964031 -186.71521355657075 269
1623711983453 -314.62149644138094 270
1623712001493 -170.70557631418328 271
1623712022258 -223.71794238168363 272
1623712041595 -168.83391526607164 273
1623712063429 -176.4767129771548 274
1623712087061 -622.5577765518861 275
1623712109492 -294.21122916996075 276
1623712137702 -238.3170370758953 277
1623712159212 -261.5471123500466 278
1623712186102 -245.91029192745478 279
1623712213384 -222.47903143385196 280
1623712233917 -196.4852278180096 281
1623712257671 -321.59914611138544 282
1623712276960 -200.28644561992343 283
1623712296371 -273.7890072053467 284
1623712323187 -376.4922023842929 285
1623712346913 -263.2641700766252 286
1623712368558 -285.7935798260034 287
1623712391527 -207.23288051818935 288
1623712418920 -374.11246458203124 289
1623712444918 -258.53012580373706 290
1623712468558 -238.13744360715447 291
1623712494843 -237.54099211240728 292
1623712518550 -217.6272670293089 293
1623712537385 -216.2376008022141 294
1623712558658 -244.76261459857506 295
1623712583207 -216.09777494622625 296
1623712607438 -218.85149357657514 297
1623712623848 -189.89582940991653 298
1623712642564 -186.121937618966 299
1623712662946 -160.68928131944824 300
1623712682663 -243.2805721781569 301
1623712705998 -247.32109164103912 302
1623712732025 -179.45278973841525 303
1623712764100 -172.76629413456862 304
1623712791726 -217.58581423002926 305
1623712821561 -163.90010827844998 306
1623712853719 -176.58697947807443 307
1623712887285 -176.49819850864398 308
1623712928072 -154.31600278337675 309
1623712962760 -192.58643943940947 310
1623712986886 -166.26030865715558 311
1623713006623 -169.23017438958047 312
1623713032148 -121.22376217062046 313
1623713050599 -194.7876118793871 314
1623713070119 -240.3194722449673 315
1623713094194 -293.4527112098449 316
1623713118934 -160.97396689498305 317
1623713144424 -507.05171475622603 318
1623713167332 -233.31547933808798 319
1623713187086 -182.7078641324759 320
1623713208353 -199.11298784776878 321
1623713228941 -280.53629071311383 322
1623713248271 -210.93821833498959 323
1623713267019 -198.01126649047336 324
1623713287759 -216.35939641353292 325
1623713304670 -168.19126875718283 326
1623713325137 -277.71418947745764 327
1623713347769 -164.79456821109002 328
1623713369489 -199.79235620494015 329
1623713390314 -314.8934793704726 330
1623713413939 -164.86409421404088 331
1623713431674 -149.26361674650192 332
1623713453577 -501.8175407228326 333
1623713476320 -261.6531354098365 334
1623713495153 -256.916880596961 335
1623713515790 -177.60154119976883 336
1623713536617 -283.7488367703359 337
1623713560452 -207.7569321832181 338
1623713580381 -257.13960768611093 339
1623713601676 -146.99747725849247 340
1623713624327 -323.6805976882099 341
1623713645444 -369.5790067566196 342
1623713664339 -295.7878839488292 343
1623713684010 -267.46479353262873 344
1623713702341 -261.8474644637992 345
1623713722096 -223.947851849453 346
1623713741446 -227.9596970090202 347
1623713762527 -267.6108358590367 348
1623713784153 -186.07771221239196 349
1623713806104 -308.65369096237276 350
1623713823953 -216.92830898251887 351
1623713847064 -515.4551187499702 352
1623713868995 -427.1311553358229 353
1623713890665 -294.5367955251112 354
1623713914342 -399.92387199810094 355
1623713934363 -146.6146203561321 356
1623713962174 -232.64763297630503 357
1623713995930 -275.90749191803167 358
1623714024704 -283.55306134902577 359
1623714051857 -220.57109642793057 360
1623714088024 -220.98948994231355 361
1623714119781 -220.29729311639608 362
1623714151666 -266.0783459888213 363
1623714185396 -273.8076674228634 364
1623714214105 -165.4867176766166 365
1623714245905 -175.872975679862 366
1623714276787 -205.64269809386388 367
1623714306379 -279.35883273045573 368
1623714337449 -158.80070682170793 369
1623714365617 -414.4274832277638 370
1623714391857 -174.58331340052612 371
1623714418335 -206.95879483974537 372
1623714448341 -245.03152839167333 373
1623714479702 -140.8671663070595 374
1623714515104 -267.11605324439523 375
1623714566163 -271.444542715633 376
1623714597899 -210.93748077154206 377
1623714636891 -332.04938687835 378
1623714675023 -363.25219761608815 379
1623714704482 -228.04624976950421 380
1623714734385 -418.3716593601309 381
1623714762359 -316.0194005131096 382
1623714790880 -167.8564572418037 383
1623714830472 -318.6159467135951 384
1623714862596 -228.41004921347638 385
1623714893981 -577.4703479808879 386
1623714929245 -414.9119984733314 387
1623714966038 -328.88410207059314 388
1623714999535 -344.3459625832037 389
1623715032186 -360.75562122535285 390
1623715069881 -262.019058722395 391
1623715105700 -419.1351734335496 392
1623715138932 -231.90428784561146 393
1623715172666 -401.9084262987418 394
1623715206976 -270.51542927994615 395
1623715244823 -258.91252333151385 396
1623715271437 -209.46832988616984 397
1623715299423 -302.8667767707258 398
1623715328710 -264.8302269280912 399
