1623715836836 -464 0
1623715875079 -270 1
1623715903407 -217 2
1623715940122 -161 3
1623715965369 -132 4
1623715993013 -201 5
1623716015828 -161 6
1623716042330 -132 7
1623716069187 -137 8
1623716099091 -176 9
1623716122139 -165 10
1623716148141 -180 11
1623716171453 -104 12
1623716189803 -114 13
1623716210250 -133 14
1623716237145 -135 15
1623716257285 -123 16
1623716279469 -123 17
1623716302581 -162 18
1623716324146 -105 19
1623716347158 -119 20
1623716368782 -147 21
1623716391646 -156 22
1623716420151 -137 23
1623716449130 -134 24
1623716473024 -151 25
1623716501682 -124 26
1623716530694 -120 27
1623716556140 -138 28
1623716587457 -171 29
1623716605926 -100 30
1623716627842 -138 31
1623716651893 -134 32
1623716679533 -131 33
1623716701171 -172 34
1623716722502 -157 35
1623716752752 -173 36
1623716779226 -190 37
1623716805387 -128 38
1623716825290 -143 39
1623716847028 -158 40
1623716868761 -155 41
1623716891172 -159 42
1623716911810 -144 43
1623716930393 -120 44
1623716951018 -88 45
1623716972799 -151 46
1623716992331 -145 47
1623717016037 -172 48
1623717037877 -148 49
1623717055325 -138 50
1623717075066 -118 51
1623717094053 -126 52
1623717112978 -126 53
1623717132797 -145 54
1623717157888 -135 55
1623717195352 -124 56
1623717235435 -171 57
1623717272493 -182 58
1623717315400 -140 59
1623717342680 -156 60
1623717382288 -103 61
1623717410791 -111 62
1623717447229 -146 63
1623717487676 -179 64
1623717544847 -243 65
1623717582079 -141 66
1623717632351 -157 67
1623717667748 -118 68
1623717711424 -144 69
1623717753607 -162 70
1623717794726 -140 71
1623717850146 -156 72
1623717899026 -101 73
1623717938296 -129 74
1623717977192 -174 75
1623718020596 -136 76
1623718062028 -156 77
1623718103923 -229 78
1623718141388 -154 79
1623718181185 -170 80
1623718220310 -110 81
1623718269443 -210 82
1623718306087 -124 83
1623718355469 -109 84
1623718392952 -127 85
1623718428850 -120 86
1623718463850 -122 87
1623718493566 -136 88
1623718529136 -159 89
1623718570103 -155 90
1623718606148 -137 91
1623718645912 -179 92
1623718679109 -125 93
1623718714381 -98 94
1623718752566 -117 95
1623718788061 -136 96
1623718828017 -155 97
1623718858349 -163 98
1623718898384 -203 99
1623718935422 -159 100
1623718973139 -117 101
1623718996591 -154 102
1623719021025 -190 103
1623719047771 -212 104
1623719070061 -119 105
1623719092358 -115 106
1623719117726 -156 107
1623719151393 -219 108
1623719176717 -149 109
1623719206572 -99 110
1623719224663 -108 111
1623719249539 -117 112
1623719274933 -104 113
1623719300719 -147 114
1623719333579 -158 115
1623719358965 -139 116
1623719386101 -112 117
1623719416136 -167 118
1623719441519 -140 119
1623719466817 -104 120
1623719497153 -121 121
1623719532425 -156 122
1623719562828 -153 123
1623719587876 -171 124
1623719615584 -152 125
1623719641685 -139 126
1623719672140 -105 127
1623719709222 -140 128
1623719793881 -137 129
1623719832476 -128 130
1623719865520 -165 131
1623719897668 -161 132
1623719944449 -184 133
1623719985952 -141 134
1623720026070 -116 135
1623720057990 -137 136
1623720094763 -172 137
1623720128520 -124 138
1623720171611 -117 139
1623720205911 -189 140
1623720234961 -139 141
1623720282639 -117 142
1623720332119 -177 143
1623720374477 -105 144
1623720399066 -123 145
1623720449025 -155 146
1623720492605 -157 147
1623720540911 -163 148
1623720583986 -177 149
1623720625153 -155 150
1623720659701 -110 151
1623720690493 -116 152
1623720729338 -253 153
1623720781887 -231 154
1623720814716 -130 155
1623720850869 -166 156
1623720886299 -130 157
1623720912587 -123 158
1623720940403 -114 159
1623720986933 -147 160
1623721020120 -122 161
1623721055450 -126 162
1623721092375 -212 163
1623721126961 -157 164
1623721162432 -161 165
