1623715836867 -95.13544488401911 0
1623715875102 -47.184643907769384 1
1623715903441 -47.184643907769384 2
1623715940144 -66.28693956006502 3
1623715965391 -89.48757902728595 4
1623715993034 -94.28416649642956 5
1623716015848 -57.77609054172266 6
1623716042350 -69.67345007439387 7
1623716069211 -67.67714852780539 8
1623716099115 -67.23494536644922 9
1623716122161 -83.3206857897219 10
1623716148163 -89.44386113974778 11
1623716171475 -25.776391130210335 12
1623716189824 -30.80209828567689 13
1623716210271 -63.6836989841521 14
1623716237166 -63.420909980604314 15
1623716257306 -74.62566579942596 16
1623716279493 -72.50998659817967 17
1623716302601 -72.50998659817967 18
1623716324167 -72.45895789579558 19
1623716347178 -73.80161562924158 20
1623716368803 -79.52757500663864 21
1623716391668 -103.47308085983313 22
1623716420174 -79.05797175740574 23
1623716449150 -43.567787317379455 24
1623716473044 -43.567787317379455 25
1623716501704 -38.42891811777435 26
1623716530717 -41.581784713720026 27
1623716556161 -41.581784713720026 28
1623716587477 5.680749961292435 29
1623716605948 -43.15206538484669 30
1623716627869 -47.01748180282437 31
1623716651915 -39.47603825237349 32
1623716679555 -61.53910505641718 33
1623716701191 -88.59800856244762 34
1623716722522 -64.81127684892067 35
1623716752774 -34.56723656680823 36
1623716779249 -43.42022590250494 37
1623716805409 -48.92431473417703 38
1623716825311 -48.92431473417703 39
1623716847051 -108.88415570329914 40
1623716868782 -122.46960653714066 41
1623716891192 -71.60901981197233 42
1623716911842 -71.60901981197233 43
1623716930414 -92.07054237947925 44
1623716951039 -35.35105207901019 45
1623716972822 -53.816578096380944 46
1623716992353 -93.59513736634808 47
1623717016062 -93.59513736634808 48
1623717037899 -122.22033437608283 49
1623717055347 -110.47999515500351 50
1623717075088 -69.69362488194228 51
1623717094076 -79.24392740210233 52
1623717113001 -70.63147838858471 53
1623717132819 -87.85321522717628 54
1623717157909 -77.15037111697572 55
1623717195373 -24.716751127478737 56
1623717235467 -10.091020248288455 57
1623717272526 -37.41022103408976 58
1623717315432 -96.08602006513526 59
1623717342713 -96.08602006513526 60
1623717382321 -19.27613236700011 61
1623717410824 -19.27613236700011 62
1623717447261 -74.92829321442919 63
1623717487708 -44.48961879914482 64
1623717544880 -39.811193910425786 65
1623717582112 -60.001009162740196 66
1623717632383 22.271647120653302 67
1623717667780 -53.60419311821274 68
1623717711456 -58.719905728462074 69
1623717753640 -22.724612507235992 70
1623717794758 -22.724612507235992 71
1623717850178 -42.57827182292054 72
1623717899059 51.332138404790854 73
1623717938329 -14.16885610354999 74
1623717977229 -58.71836490051455 75
1623718020630 -31.423139114258863 76
1623718062060 -24.476442008807037 77
1623718103955 -33.57998282255694 78
1623718141421 -59.147555201555214 79
1623718181218 -63.79942931175866 80
1623718220342 -18.715582058257773 81
1623718269476 -29.412610304969785 82
1623718306121 -49.580486444913205 83
1623718355500 38.054883490500266 84
1623718392985 38.054883490500266 85
1623718428884 -27.522438468975725 86
1623718463884 -61.58449198132556 87
1623718493600 -61.58449198132556 88
1623718529169 -93.85156611148716 89
1623718570137 -67.34196981260631 90
1623718606182 -52.29954001992395 91
1623718645946 -87.83183900209173 92
1623718679141 -15.39470579662902 93
1623718714414 -61.235450851402085 94
1623718752598 -33.41671060733856 95
1623718788093 -33.41671060733856 96
1623718828051 -42.97238934124901 97
1623718858382 -73.00706319064247 98
1623718898418 -74.4345314172529 99
1623718935457 -35.10830020446492 100
1623718973165 34.24118116995592 101
1623718996615 -25.164721632821323 102
1623719021050 -66.9388627702058 103
1623719047794 -51.99120817611494 104
1623719070087 -50.06666870432307 105
1623719092381 -76.88916757894387 106
1623719117750 -42.03417035122798 107
1623719151416 -12.354120487467148 108
1623719176741 -37.62347850838109 109
1623719206596 -37.62347850838109 110
1623719224686 -54.24502189871947 111
1623719249563 -62.174701194383275 112
1623719274956 -45.26401096897454 113
1623719300743 -12.688490423850453 114
1623719333602 3.4942258038873346 115
1623719358995 11.995620742382922 116
1623719386124 -7.29916294775262 117
1623719416159 -7.078613129941777 118
1623719441542 -7.078613129941777 119
1623719466840 29.969427868811636 120
1623719497176 29.969427868811636 121
1623719532446 -36.05588526976604 122
1623719562851 -82.49769566512217 123
1623719587899 4.294505846721745 124
1623719615607 -50.023778054259324 125
1623719641709 -50.023778054259324 126
1623719672163 4.2274740984791634 127
1623719709246 41.88599424360994 128
1623719793916 -30.440400291197033 129
1623719832511 -32.212925387188406 130
1623719865554 -42.15471977077711 131
1623719897702 -73.4821825394786 132
1623719944489 -14.211249538994764 133
1623719985985 -14.211249538994764 134
1623720026104 -59.418493722279536 135
1623720058025 -76.0143528967968 136
1623720094803 -114.87278061380862 137
1623720128555 -67.55856078831941 138
1623720171644 -33.983215795035996 139
1623720205944 -65.26159890765871 140
1623720234995 -96.34682502722441 141
1623720282673 -73.51014237021707 142
1623720332153 -32.312979010030595 143
1623720374512 -24.987730458147393 144
1623720399100 -52.44148751406296 145
1623720449058 -37.23755556319659 146
1623720492641 -42.51402769183617 147
1623720540946 -74.90100282696908 148
1623720584022 -80.45362997461001 149
1623720625188 -63.13253327076825 150
1623720659736 -30.87545074934703 151
1623720690536 -30.87545074934703 152
1623720729379 -74.36975783078591 153
1623720781924 -45.25877879960477 154
1623720814752 -45.25877879960477 155
1623720850905 -67.86867325283386 156
1623720886334 -51.637744286959716 157
1623720912634 -51.637744286959716 158
1623720940441 -53.839264054187154 159
1623720986972 -53.839264054187154 160
1623721020159 -63.78142675087893 161
1623721055495 -63.78142675087893 162
1623721092425 -61.132597486079284 163
1623721127015 -60.17229567589477 164
1623721165287 -75.20819874633247 165
