1623715836806 -1595.209951498875 0
1623715875055 -582.0220478478827 1
1623715903375 -722.52533529492 2
1623715940097 -529.0109116817805 3
1623715965346 -213.1584431155356 4
1623715992992 -563.7164263131993 5
1623716015808 -457.1187962160942 6
1623716042307 -398.69930647644594 7
1623716069164 -473.4338443292869 8
1623716099068 -471.19151487302526 9
1623716122118 -544.8888456149697 10
1623716148118 -474.2988521491108 11
1623716171431 -239.26756693958154 12
1623716189778 -129.54679999158222 13
1623716210225 -187.31136832912213 14
1623716237123 -451.94079317523654 15
1623716257263 -135.35407026903846 16
1623716279445 -275.3702817911085 17
1623716302559 -180.14448736953904 18
1623716324125 -190.43684711348538 19
1623716347135 -224.21371120626418 20
1623716368760 -481.97360452575805 21
1623716391623 -361.12053043807157 22
1623716420130 -199.79700611200292 23
1623716449107 -223.79996849731242 24
1623716473003 -366.77740861203614 25
1623716501660 -355.82636251525844 26
1623716530666 -320.5354328628013 27
1623716556118 -410.51766564740046 28
1623716587434 -521.2160880057057 29
1623716605902 -118.37371387738874 30
1623716627818 -305.96097221944706 31
1623716651871 -209.2060166516297 32
1623716679513 -258.89992911146936 33
1623716701149 -337.45871769302823 34
1623716722482 -275.7943384684029 35
1623716752730 -628.5544466882052 36
1623716779204 -516.2014546098279 37
1623716805363 -566.7297524538704 38
1623716825267 -243.59363337132223 39
1623716847005 -220.39931284695118 40
1623716868739 -199.14136561711734 41
1623716891149 -498.5894632378048 42
1623716911773 -160.92368309534453 43
1623716930371 -193.92344766862465 44
1623716950996 -277.52705573185716 45
1623716972761 -205.51684617818609 46
1623716992309 -145.70369840327652 47
1623717016013 -587.93296327471 48
1623717037851 -223.4888630690003 49
1623717055302 -141.71765286779583 50
1623717075041 -137.98206200967462 51
1623717094030 -132.91558947420455 52
1623717112957 -166.3103403598021 53
1623717132773 -223.57991076954158 54
1623717157866 -443.3883524848047 55
1623717195327 -206.67295961230965 56
1623717235401 -570.6186608195767 57
1623717272460 -400.4025119685169 58
1623717315369 -272.46467696306524 59
1623717342647 -287.6195091336156 60
1623717382255 -135.44429203343987 61
1623717410757 -124.70790021392631 62
1623717447195 -297.3222591224354 63
1623717487644 -624.2153888601285 64
1623717544814 -843.9314947105082 65
1623717582046 -354.4697562744999 66
1623717632319 -601.2853768399984 67
1623717667716 -267.91348946704386 68
1623717711393 -441.12719341938293 69
1623717753574 -578.2316602369324 70
1623717794694 -355.5873935275482 71
1623717850114 -541.7369580236979 72
1623717898992 -620.3277959688106 73
1623717938262 -435.0828993535837 74
1623717977150 -525.363749314615 75
1623718020549 -565.2943197657066 76
1623718061994 -661.5130675203844 77
1623718103889 -606.3239806380162 78
1623718141354 -397.24889948508854 79
1623718181153 -610.721177455854 80
1623718220277 -124.56795011138645 81
1623718269409 -654.1336904209364 82
1623718306053 -442.50323005980164 83
1623718355437 -342.4464796469837 84
1623718392918 -274.02401479855655 85
1623718428812 -213.3637919974502 86
1623718463816 -337.40000951334343 87
1623718493532 -220.45831479994678 88
1623718529101 -333.6297809783002 89
1623718570071 -443.06150445992796 90
1623718606115 -263.32509124401156 91
1623718645878 -435.0674193936453 92
1623718679076 -232.79848370070528 93
1623718714348 -169.42161685536522 94
1623718752533 -341.525474930908 95
1623718788028 -564.7127560643069 96
1623718827982 -575.3939184336846 97
1623718858317 -448.7207017191765 98
1623718898349 -614.0905617884733 99
1623718935388 -532.9611606694377 100
1623718973116 -371.0772175227953 101
1623718996567 -597.6415305590683 102
1623719021002 -662.1199754459328 103
1623719047747 -602.5128806833125 104
1623719070037 -206.9576644803736 105
1623719092333 -176.05884372396247 106
1623719117703 -577.8031492933743 107
1623719151369 -757.8978410045622 108
1623719176693 -491.4897519197349 109
1623719206547 -277.59177010651666 110
1623719224638 -131.30465354080715 111
1623719249515 -233.68580662644771 112
1623719274902 -326.5516552366923 113
1623719300696 -376.55697444715145 114
1623719333554 -352.78792937045193 115
1623719358933 -445.4706481854885 116
1623719386076 -265.01354471949725 117
1623719416112 -657.0644216722875 118
1623719441494 -447.14337305558564 119
1623719466793 -283.53800003404154 120
1623719497128 -332.27902757184887 121
1623719532399 -547.6053877710913 122
1623719562803 -359.2816539684685 123
1623719587851 -477.36912064634515 124
1623719615560 -381.7865433729211 125
1623719641660 -257.46615674632443 126
1623719672115 -266.7544101283136 127
1623719709198 -371.1007464043304 128
1623719793847 -362.38658674585776 129
1623719832441 -212.77794927244022 130
1623719865485 -296.9178917829819 131
1623719897634 -516.4545885070909 132
1623719944412 -612.7753684957846 133
1623719985918 -450.0232939858086 134
1623720026036 -234.36590537236617 135
1623720057955 -200.39571957756897 136
1623720094724 -372.28360470424474 137
1623720128484 -131.14583024895805 138
1623720171567 -312.2292743992796 139
1623720205878 -491.5974863775683 140
1623720234927 -145.47880639744858 141
1623720282605 -164.63654032591904 142
1623720332085 -815.4978699909623 143
1623720374412 -134.7356471892467 144
1623720399022 -148.35541502257072 145
1623720448988 -365.6780975654152 146
1623720492410 -539.2589176368508 147
1623720540373 -345.6239196892168 148
1623720583623 -624.8058812907618 149
1623720625017 -371.9428251706504 150
1623720659055 -237.67212083625054 151
1623720690142 -367.64658488635587 152
1623720728903 -602.2999950203819 153
1623720781675 -1047.8176508752272 154
1623720814505 -217.72115248172173 155
1623720850584 -395.8086687093429 156
1623720885895 -303.8595521678712 157
1623720912250 -259.9700317394686 158
1623720939892 -123.47939341499273 159
1623720986481 -610.3510555246658 160
1623721019719 -193.70661559960132 161
1623721054868 -188.2172614186914 162
1623721092024 -711.668602110786 163
1623721126294 -191.6827787749341 164
1623721159753 -531.7014438062257 165
