1623743698773 -472.3171306027439 0
1623743725277 -251.63679272211058 1
1623743743851 -121.71026814417363 2
1623743765973 -139.0750779139749 3
1623743785553 -127.31469009324202 4
1623743804413 -123.29359252344895 5
1623743824698 -143.9296463767461 6
1623743844777 -125.59463127215213 7
1623743863516 -129.3497491436496 8
1623743883452 -111.09449249020341 9
1623743901316 -104.95663513955634 10
1623743920425 -120.20491224090225 11
1623743941505 -115.85626717812258 12
1623743959261 -99.72417411101151 13
1623743976049 -107.23734866519773 14
1623743998178 -130.37768129798687 15
1623744016477 -145.8949783424977 16
1623744034459 -114.42062425803701 17
1623744052216 -123.4257613491579 18
1623744072876 -135.73521660665384 19
1623744089495 -126.364404553498 20
1623744113227 -99.44748303200791 21
1623744133031 -87.24519489323139 22
1623744153166 -133.9474414942034 23
1623744172515 -149.9167704150864 24
1623744190911 -144.86946463756786 25
1623744209664 -136.6340430134314 26
1623744227060 -110.91183071627671 27
1623744245536 -129.1587725927987 28
1623744262983 -133.30046504234045 29
1623744280111 -150.852379545308 30
1623744296880 -95.19442165224869 31
1623744314622 -113.89953545976542 32
1623744332804 -140.33003118502805 33
1623744348841 -132.15280226342688 34
1623744366720 -138.18971471948396 35
1623744383986 -136.2435350681565 36
1623744402533 -111.2722645908224 37
1623744420607 -128.02294404889787 38
1623744437579 -122.00855866871258 39
1623744458438 -116.63659956500189 40
1623744477495 -106.40522069617307 41
1623744497588 -125.67796937656624 42
1623744519209 -107.3594323848944 43
1623744541419 -117.9053105328434 44
1623744567087 -65.72335306122156 45
1623744593473 -111.7675774806314 46
1623744616010 -114.32107140441269 47
1623744646275 -90.02475680118393 48
1623744668986 -144.15643145012507 49
1623744695950 -104.90051284972097 50
1623744724364 -113.50818600646421 51
1623744754659 -123.30736329182623 52
1623744782066 -113.23440643367262 53
1623744811177 -116.19204528699088 54
1623744834486 -96.59621664737524 55
1623744859857 -110.45098986200243 56
1623744886483 -74.40920372334985 57
1623744907600 -101.91753928524189 58
1623744927387 -119.60095723664203 59
1623744950257 -141.13571861801105 60
1623744968145 -121.96400452415075 61
1623744990854 -141.00132414054232 62
1623745013306 -105.03028487085652 63
1623745034987 -136.27477924224695 64
1623745061464 -108.68410210525545 65
1623745082280 -110.46844755059287 66
1623745102249 -148.46676136013988 67
1623745120416 -130.1014135909141 68
1623745138818 -121.26488930083644 69
1623745161856 -105.497101027986 70
1623745182465 -116.02618570388648 71
1623745203178 -131.85434353622858 72
1623745224041 -136.1475395692308 73
1623745245129 -128.663889230666 74
1623745268954 -119.66688381947064 75
1623745290024 -155.1291379924899 76
1623745310949 -110.82747308762733 77
1623745329046 -109.64223267672116 78
1623745349890 -114.2117131621557 79
1623745370175 -120.57085736273397 80
1623745391661 -102.43096154699802 81
1623745416178 -114.29469453126124 82
1623745437931 -95.18013932550683 83
1623745456136 -117.01762194519684 84
1623745475609 -140.21957314388902 85
1623745496802 -116.44131255709576 86
1623745517500 -81.35174492385075 87
1623745543151 -92.95122594664981 88
1623745571715 -76.67211079750633 89
1623745599380 -84.71775645898254 90
1623745628424 -98.03199602484756 91
1623745654870 -78.70651075751154 92
1623745678610 -76.7627256257028 93
1623745698863 -151.81667891201457 94
1623745729404 -67.07685891193226 95
1623745754254 -100.6395719140496 96
1623745776413 -90.98160675399905 97
1623745800008 -93.21133181158092 98
1623745823883 -63.62088339148132 99
1623745847342 -89.85621071793919 100
1623745874637 -114.85254103364392 101
1623745901409 -106.3635499843475 102
1623745922211 -125.32267915824512 103
1623745943599 -110.51006887668673 104
1623745967724 -61.12263481611281 105
1623745989660 -86.56744598376586 106
1623746011167 -110.63932648780664 107
1623746032932 -108.2888886609876 108
1623746056887 -106.87297242605494 109
1623746077969 -117.38904073620319 110
1623746098917 -108.65416568247561 111
1623746122431 -102.35310861925208 112
1623746149042 -60.152116069036204 113
1623746171465 -76.89482714122407 114
1623746192836 -120.5195426252522 115
1623746215390 -80.25617775305085 116
1623746237726 -90.00965434656618 117
1623746259622 -92.00443792373503 118
1623746280495 -91.87199506994727 119
1623746306704 -89.32650394640582 120
1623746336436 -103.59816606993272 121
1623746356053 -129.80379147691394 122
1623746376788 -120.27798605659211 123
1623746399118 -99.22656636754824 124
1623746421337 -90.17236020222282 125
1623746442368 -109.11881072856262 126
1623746467829 -142.8530753649152 127
1623746488260 -125.81695749686111 128
1623746509449 -117.4045547585291 129
1623746532632 -87.14087200881288 130
1623746554327 -126.46257658808234 131
1623746575322 -92.49192306661938 132
1623746607316 -95.25505657386915 133
1623746632393 -91.65720974355219 134
1623746658658 -111.02643743540024 135
1623746681668 -107.03259232774215 136
1623746704300 -98.5676997688342 137
1623746726875 -125.5718897543301 138
1623746748167 -132.0975488315177 139
1623746768921 -105.21168961749207 140
1623746791464 -105.08456284448268 141
1623746812286 -139.25328296626884 142
1623746831068 -119.06782101228173 143
1623746850302 -126.8179455750772 144
1623746870378 -121.0836800382137 145
1623746887684 -139.14540432672666 146
1623746908745 -119.91066986389586 147
1623746929709 -87.36473000711737 148
1623746948865 -99.88446191990077 149
1623746968851 -98.15568265907484 150
1623746989940 -86.70318869282302 151
1623747013650 -65.74059036166294 152
1623747039983 -75.20936978219805 153
1623747063700 -147.811586143157 154
1623747087141 -120.1663652142462 155
1623747108634 -96.28144627487188 156
1623747129488 -133.39068709111768 157
1623747148890 -104.34010792378251 158
1623747171433 -101.54911409685631 159
1623747194575 -79.33115009260149 160
1623747218151 -104.9668996281751 161
1623747245774 -95.30226133821958 162
1623747268703 -109.61782677598461 163
1623747294065 -94.51687697488705 164
1623747317373 -118.13878347433715 165
1623747341473 -120.43929034682172 166
1623747365421 -131.7387526610432 167
1623747386276 -104.89768956073038 168
1623747407307 -119.79939196763917 169
1623747426770 -136.02979320355044 170
1623747449250 -111.73222812753664 171
1623747468252 -89.39860206327938 172
1623747496311 -81.30117398148116 173
1623747520895 -59.10190084448907 174
1623747541862 -75.70245770145937 175
1623747562659 -94.98662387108048 176
1623747583043 -115.17539395419803 177
1623747605075 -89.92095261636828 178
1623747630487 -89.02666228041996 179
1623747660596 -92.4876003722532 180
1623747687133 -102.57010552568582 181
1623747708775 -108.28729505672729 182
1623747730110 -135.06557384400094 183
1623747752741 -116.74064102105122 184
1623747774093 -98.17827534603111 185
1623747795089 -106.15549259005977 186
1623747818543 -112.4813584952628 187
1623747838533 -99.89130342357613 188
1623747860570 -97.73369249638364 189
1623747881301 -144.16893822167287 190
1623747901786 -92.80044620287904 191
1623747926606 -107.78674045793902 192
1623747950623 -81.12097688103538 193
1623747972469 -102.08841269788469 194
1623747994987 -77.22014457550449 195
1623748015354 -95.77076717173978 196
1623748039618 -148.32183547789978 197
1623748061100 -89.49878457690863 198
1623748085162 -92.46541919172788 199
1623748104670 -118.30356675191678 200
1623748133570 -36.25743180673816 201
1623748158080 -119.67300837673875 202
1623748183248 -82.52439546919328 203
1623748205780 -107.90771786019872 204
1623748227572 -90.02549268730237 205
1623748248932 -78.95047570750063 206
1623748274669 -91.87681367900396 207
1623748298574 -100.67581972957441 208
1623748324667 -112.04776967113845 209
1623748347368 -97.43858062885367 210
1623748372108 -125.29009981820482 211
1623748395208 -116.93287483556747 212
1623748414231 -130.81369981174524 213
1623748433603 -99.26986119302381 214
1623748456578 -85.68307471867455 215
1623748478151 -86.20826598139386 216
1623748500179 -141.56463449265834 217
1623748524650 -87.83520250807352 218
1623748549781 -107.19403659695328 219
1623748573922 -87.02711034883279 220
1623748598137 -98.25674309755993 221
1623748619119 -105.25006880167231 222
1623748641566 -101.58144208860412 223
1623748663390 -94.07147568764002 224
1623748684653 -106.6046597743645 225
1623748709465 -112.35157548383937 226
1623748731241 -120.86091252533521 227
1623748752579 -110.11590007831762 228
1623748773576 -75.61650158335736 229
1623748794823 -87.86622110789753 230
1623748822473 -77.21826010276132 231
1623748849757 -91.9158992490567 232
1623748873569 -123.53649047762455 233
1623748897716 -107.32168884907242 234
1623748923977 -98.36818704850785 235
1623748951996 -79.01442890673907 236
1623748973781 -88.54060750285795 237
1623749005562 -47.60500675805246 238
1623749033207 -98.15035175688925 239
1623749062961 -115.30978840581162 240
1623749082857 -106.00687627899357 241
1623749106428 -103.58417379069748 242
1623749131486 -140.674537511297 243
1623749154722 -114.60156856799081 244
1623749184754 -70.39141253329295 245
1623749205760 -123.85847780536646 246
1623749232835 -124.22411259310589 247
1623749261875 -90.32796125096871 248
1623749286568 -98.65653040202949 249
1623749316144 -85.38011559086036 250
1623749338455 -96.23235065533746 251
1623749361746 -123.40558790690065 252
1623749386099 -124.90516348895544 253
1623749408650 -59.497422135922285 254
1623749433249 -63.299404112606105 255
1623749467122 -52.06226073812712 256
1623749492673 -117.60949631953169 257
1623749523114 -104.97972715916428 258
1623749549921 -109.45065542146905 259
1623749584228 -76.36334396422033 260
1623749611062 -84.994028633142 261
1623749637476 -152.0197096153903 262
1623749665228 -111.46085276572472 263
1623749692337 -115.65944776048323 264
1623749719311 -110.57926960283119 265
1623749747714 -125.96409608074953 266
1623749776679 -95.92213796183691 267
1623749802048 -87.47963246290188 268
1623749827683 -87.23236794236841 269
1623749848258 -87.72529376819661 270
1623749866965 -131.98731120174602 271
1623749888375 -89.59104671640814 272
1623749908553 -96.62746376393723 273
1623749932713 -96.27293282710589 274
1623749956725 -117.65502373233674 275
1623749983008 -103.87754857091795 276
1623750009485 -88.37208221275252 277
1623750033174 -109.01302462856434 278
1623750057832 -135.0213482905184 279
1623750084249 -73.18328957381087 280
1623750107229 -125.28414825151545 281
1623750130546 -142.12109127591975 282
1623750150468 -106.97763997742341 283
1623750170571 -110.61765850844127 284
1623750195511 -76.97200279165773 285
1623750220651 -93.62640413731644 286
1623750243157 -118.91380427707793 287
1623750265005 -144.31208506718858 288
1623750287836 -110.47077351783389 289
1623750312510 -112.63146534401962 290
1623750334724 -83.68097677257182 291
1623750358000 -105.51052052960955 292
1623750380023 -108.31157803854374 293
1623750401025 -126.11082590892758 294
1623750424042 -152.4638195692368 295
1623750444330 -137.50853034020204 296
1623750465673 -141.4256959373784 297
1623750482686 -125.09025041501194 298
1623750501685 -126.45335306575656 299
1623750522943 -89.86423449431369 300
1623750542817 -101.35767023935138 301
1623750564788 -87.779570871724 302
1623750582518 -110.77478089424359 303
1623750604274 -131.08177197246937 304
1623750624744 -135.94725396254282 305
1623750646026 -109.7647465583936 306
1623750666108 -99.20552900015107 307
1623750690253 -121.67005766596002 308
1623750714117 -114.6896244974722 309
1623750735627 -113.75883296043716 310
1623750759910 -87.48508595105064 311
1623750781941 -108.60491640652045 312
1623750805751 -76.03831892646791 313
1623750826740 -117.98404775166385 314
1623750844998 -108.11599231252463 315
1623750868011 -116.06761786173864 316
1623750889131 -107.62585502557528 317
1623750912191 -109.44095923388646 318
1623750932917 -103.65272748378096 319
1623750952971 -109.30909230427453 320
1623750976400 -91.98905469786467 321
1623750995841 -81.41990408438016 322
1623751018292 -116.13500609380873 323
1623751040166 -112.45773806061659 324
1623751064645 -103.08353970824996 325
1623751083983 -93.33967934154576 326
1623751106653 -126.49537186747725 327
1623751128772 -111.50928462627142 328
1623751151106 -106.41958219341625 329
1623751173462 -108.40343291685491 330
1623751198434 -111.43132198266306 331
1623751219389 -86.67133086190535 332
1623751241333 -142.30466999246255 333
1623751263408 -111.86508662337638 334
1623751289064 -93.51990788748513 335
1623751310638 -94.58599149809484 336
1623751331866 -148.1055247525697 337
1623751356018 -103.6697760976036 338
1623751377015 -122.80462315168548 339
1623751399272 -90.82269200714315 340
1623751421940 -127.0409839688157 341
1623751442694 -140.6984565008437 342
1623751461926 -116.98389030674998 343
1623751483972 -106.84133995313532 344
1623751504819 -128.0591236101426 345
1623751527549 -100.48739313874152 346
1623751547582 -98.39716728750342 347
1623751572698 -77.99540816478203 348
1623751601986 -63.119769338295 349
1623751625967 -139.13729852416688 350
1623751645795 -119.6682489264434 351
1623751673043 -129.71624820462347 352
1623751697608 -103.51034893670392 353
1623751721521 -157.4442585809667 354
1623751751333 -109.20163255012976 355
1623751772591 -117.82553403248689 356
1623751793661 -122.25017756640715 357
1623751814451 -88.17681982268479 358
1623751835873 -106.62804886223823 359
1623751857799 -119.63915676794551 360
1623751879854 -103.74838728971872 361
1623751904598 -107.9855263410145 362
1623751930508 -95.22898854620934 363
1623751956366 -121.26868972250124 364
1623751981617 -87.18028561773698 365
1623752009170 -84.26275777515684 366
1623752034717 -100.44155808399279 367
1623752059405 -102.82418728399254 368
1623752081562 -87.77551526276967 369
1623752104469 -95.57562567179448 370
1623752126595 -85.35679941533495 371
1623752147365 -104.86024636200649 372
1623752170383 -118.17742446027154 373
1623752192703 -91.3454896467914 374
1623752218841 -94.91330182957857 375
1623752249964 -84.07758569911687 376
1623752273603 -90.10516765439334 377
1623752308214 -63.07326793581709 378
1623752342284 -83.92112384449543 379
1623752363965 -113.22749911191426 380
1623752384005 -140.51859387071406 381
1623752403281 -106.2766088025003 382
1623752424114 -104.06539016059382 383
1623752449974 -85.57573290840207 384
1623752477242 -90.70216981570604 385
1623752500949 -99.22142263484957 386
1623752530374 -81.7989424666866 387
1623752557340 -53.600933887259615 388
1623752580831 -113.24618858344202 389
1623752605110 -100.61812004853677 390
1623752633915 -56.77129718623006 391
1623752659584 -85.85057172844789 392
1623752681664 -105.77324594432488 393
1623752704763 -116.23390269770503 394
1623752730019 -45.48204319788636 395
1623752752181 -100.66800689195438 396
1623752773484 -102.59502134805592 397
1623752796926 -86.75949760101321 398
1623752819131 -118.27427342351352 399
