1623743698792 -82.56732044807366 0
1623743725297 -82.56732044807366 1
1623743743869 -49.94149941352521 2
1623743765994 -77.30099536451728 3
1623743785571 -92.54835588253475 4
1623743804436 -93.65835878166419 5
1623743824722 -85.8383143540625 6
1623743844798 -75.26048802731927 7
1623743863538 -75.26048802731927 8
1623743883471 -76.84101969345241 9
1623743901336 -21.782136753884057 10
1623743920446 -63.659678881371164 11
1623743941524 -49.87738034132434 12
1623743959280 81.49884266778511 13
1623743976068 -60.84317362095861 14
1623743998198 -65.00282579045957 15
1623744016498 -59.537051046821055 16
1623744034478 -52.91974763108708 17
1623744052236 -68.98497142721803 18
1623744072897 -65.06279765112124 19
1623744089515 -50.14538386966734 20
1623744113268 -4.277769335160675 21
1623744133050 -2.1776703434159743 22
1623744153185 -18.88686287802861 23
1623744172534 -106.80286379118084 24
1623744190930 -117.4922012239567 25
1623744209683 -116.63052768278173 26
1623744227080 -62.70923768278955 27
1623744245556 -62.70923768278955 28
1623744263002 -105.39852511366723 29
1623744280131 -110.25793768684161 30
1623744296899 -84.59628413178254 31
1623744314641 -67.52792792272852 32
1623744332823 -67.52792792272852 33
1623744348861 -95.14573259363769 34
1623744366739 -95.14573259363769 35
1623744384004 -68.23488611370851 36
1623744402553 -68.23488611370851 37
1623744420627 -69.53189604620358 38
1623744437598 -58.99740398696731 39
1623744458458 13.654241328119053 40
1623744477515 -8.417882118595054 41
1623744497607 -43.255188470784006 42
1623744519228 -61.34219718144696 43
1623744541438 -41.706479170820074 44
1623744567109 43.39898372503373 45
1623744593493 17.78346350868649 46
1623744616031 -10.77460056843871 47
1623744646298 43.50403744257557 48
1623744669005 -25.73952997597204 49
1623744695968 9.179707839106097 50
1623744724383 -2.01465658629582 51
1623744754678 -22.294300464428687 52
1623744782085 -22.294300464428687 53
1623744811195 -40.75352292787524 54
1623744834507 -15.093668437333559 55
1623744859877 -15.093668437333559 56
1623744886502 16.510712273764078 57
1623744907619 14.985427999348051 58
1623744927406 -38.08744743119563 59
1623744950277 -42.90998033533003 60
1623744968165 -31.751764877363648 61
1623744990872 -58.39997869755498 62
1623745013326 -17.21581630105736 63
1623745035007 -20.88780183275943 64
1623745061485 -47.055459886632114 65
1623745082302 -48.5886103927556 66
1623745102270 -84.65529336713821 67
1623745120439 -84.65529336713821 68
1623745138840 -72.43807801232553 69
1623745161876 -25.104741232285942 70
1623745182484 -11.198933500956068 71
1623745203198 -11.198933500956068 72
1623745224061 -72.22054152441261 73
1623745245149 -61.302977664326214 74
1623745268973 -45.95858878537116 75
1623745290044 -86.69584746558438 76
1623745310969 -35.11115863313706 77
1623745329066 -35.11115863313706 78
1623745349910 -60.71095333907131 79
1623745370194 -61.38569815860596 80
1623745391684 -25.578377664158353 81
1623745416198 -25.578377664158353 82
1623745437952 -43.00036696498337 83
1623745456156 -46.45284197085044 84
1623745475629 -77.56992772523984 85
1623745496822 -55.209702573681184 86
1623745517519 -28.894972160634655 87
1623745543171 -28.894972160634655 88
1623745571734 51.89575694418778 89
1623745599401 48.89451829160541 90
1623745628444 9.303041563517649 91
1623745654895 -11.144351286711517 92
1623745678630 40.55213738841894 93
1623745698885 -20.53768723821023 94
1623745729424 10.55315486311095 95
1623745754274 10.55315486311095 96
1623745776433 0.16394039012681674 97
1623745800029 0.16394039012681674 98
1623745823904 24.65054486710121 99
1623745847363 24.65054486710121 100
1623745874661 -37.82526362733032 101
1623745901430 4.86832193418968 102
1623745922232 4.86832193418968 103
1623745943620 -72.27955111880482 104
1623745967744 16.827092659194967 105
1623745989680 13.311036170581625 106
1623746011187 -15.393190291768892 107
1623746032953 -56.04683763207561 108
1623746056908 -56.04683763207561 109
1623746077989 -60.08840238506427 110
1623746098937 -60.08840238506427 111
1623746122452 -6.567840690610263 112
1623746149061 31.268679280821573 113
1623746171486 13.023039830073515 114
1623746192859 -45.421798156682954 115
1623746215410 -21.14138743819447 116
1623746237746 13.342788325024788 117
1623746259642 -48.0222875410045 118
1623746280516 -33.52786315107899 119
1623746306725 -33.52786315107899 120
1623746336456 1.1791140244934355 121
1623746356072 1.1791140244934355 122
1623746376807 -36.091515573801054 123
1623746399139 -44.88276516788467 124
1623746421356 -6.514611427689914 125
1623746442389 -6.514611427689914 126
1623746467851 -45.29520738613651 127
1623746488281 -86.45567482932563 128
1623746509470 -85.16997968350218 129
1623746532652 15.780003441674358 130
1623746554348 15.780003441674358 131
1623746575341 73.73286823769574 132
1623746607337 3.4426999402030645 133
1623746632412 14.307684359745991 134
1623746658679 -3.7436395381296648 135
1623746681689 -28.123799196655245 136
1623746704321 -11.008608495019649 137
1623746726896 -11.008608495019649 138
1623746748188 -76.98943681043002 139
1623746768941 -41.801519271000075 140
1623746791485 -40.51962723259163 141
1623746812308 -55.588037860682235 142
1623746831089 -25.81463296928041 143
1623746850322 -25.81463296928041 144
1623746870398 -87.49198041460083 145
1623746887705 -87.49198041460083 146
1623746908766 -65.15924444457991 147
1623746929731 -43.35093116295561 148
1623746948885 -45.37178030397867 149
1623746968872 -54.48498805072618 150
1623746989962 -40.65641251443001 151
1623747013671 -11.003002712621257 152
1623747040004 19.758951525486808 153
1623747063721 -28.074576934613493 154
1623747087162 -59.567007362178 155
1623747108654 -21.74028486907243 156
1623747129509 -21.74028486907243 157
1623747148912 -62.130159605612825 158
1623747171454 -49.09725098908344 159
1623747194595 69.23584553971298 160
1623747218172 69.23584553971298 161
1623747245797 16.37532812354406 162
1623747268723 16.37532812354406 163
1623747294085 -10.21475916527199 164
1623747317394 -10.21475916527199 165
1623747341494 -63.11996242715529 166
1623747365441 -50.378621708625026 167
1623747386297 -20.327350477767105 168
1623747407328 -49.59599784561406 169
1623747426790 -94.43836705483727 170
1623747449273 -33.52929459401116 171
1623747468273 -40.25854698482918 172
1623747496332 -18.379538362608688 173
1623747520916 14.267328184406455 174
1623747541882 11.361697884098442 175
1623747562680 -4.007516958403883 176
1623747583065 -57.46189769792299 177
1623747605096 -33.566646782709086 178
1623747630509 -42.46705334314801 179
1623747660618 -23.898811294582476 180
1623747687154 -23.898811294582476 181
1623747708798 -20.24132703079595 182
1623747730135 -60.77901083539039 183
1623747752762 -70.8177270978602 184
1623747774114 -42.96130133788724 185
1623747795112 -45.91835805307202 186
1623747818565 -64.55732102650657 187
1623747838555 -30.916106641338963 188
1623747860592 -30.916106641338963 189
1623747881322 -37.25051305694939 190
1623747901808 -53.97334555790114 191
1623747926628 -53.97334555790114 192
1623747950645 17.4750625842521 193
1623747972490 17.4750625842521 194
1623747995009 21.88954757446689 195
1623748015375 21.88954757446689 196
1623748039639 -26.701614875939566 197
1623748061121 -38.934969682948164 198
1623748085183 -15.531227388722826 199
1623748104692 -15.531227388722826 200
1623748133591 119.2541407577897 201
1623748158102 119.2541407577897 202
1623748183269 3.0719358441207105 203
1623748205817 3.0719358441207105 204
1623748227602 -29.093570700209675 205
1623748248953 -29.931251955217828 206
1623748274690 -29.931251955217828 207
1623748298596 -11.226379602997863 208
1623748324688 -11.226379602997863 209
1623748347390 -49.48339565235776 210
1623748372130 -33.22042362374068 211
1623748395230 -33.22042362374068 212
1623748414253 -63.99477024612772 213
1623748433625 -36.54586027417442 214
1623748456600 -43.720217756450026 215
1623748478172 -43.720217756450026 216
1623748500201 -61.39874037927764 217
1623748524672 48.97843981273708 218
1623748549802 -21.651949598094884 219
1623748573942 -20.56083255801866 220
1623748598158 -20.56083255801866 221
1623748619140 -31.254568361736915 222
1623748641589 -44.57158940872648 223
1623748663412 -23.776573128634617 224
1623748684675 -13.344640264343289 225
1623748709487 6.448877588910051 226
1623748731262 -4.053469002854754 227
1623748752601 -4.053469002854754 228
1623748773598 27.110295049988814 229
1623748794845 7.094664131229922 230
1623748822495 15.487157170097806 231
1623748849781 15.487157170097806 232
1623748873590 10.690672879438091 233
1623748897738 -20.964108823242817 234
1623748923999 -37.35703446179481 235
1623748952017 15.680653593939576 236
1623748973807 15.680653593939576 237
1623749005584 110.14282332002202 238
1623749033229 110.14282332002202 239
1623749062983 -45.17092611524255 240
1623749082880 -45.17092611524255 241
1623749106450 -34.73667447401231 242
1623749131509 -34.73667447401231 243
1623749154745 -19.957231215245002 244
1623749184776 53.62613901742193 245
1623749205781 3.279113387057356 246
1623749232857 -50.98092005102144 247
1623749261898 45.746850186065124 248
1623749286589 45.746850186065124 249
1623749316166 -14.127540438205504 250
1623749338476 -14.127540438205504 251
1623749361767 -30.08303410451481 252
1623749386120 85.7830260881533 253
1623749408672 6.627331121506276 254
1623749433271 40.66311628107589 255
1623749467145 107.2008930169294 256
1623749492696 107.2008930169294 257
1623749523136 21.25724969584936 258
1623749549944 21.25724969584936 259
1623749584252 49.50245338490857 260
1623749611084 49.50245338490857 261
1623749637498 24.984323907171614 262
1623749665249 13.591103612458486 263
1623749692359 13.591103612458486 264
1623749719333 -35.435218905395786 265
1623749747736 -12.478458154103965 266
1623749776701 -10.584433780847267 267
1623749802069 -16.285473740817643 268
1623749827705 6.005038116504968 269
1623749848281 6.005038116504968 270
1623749866987 -49.403838614759415 271
1623749888396 -10.177098578073537 272
1623749908576 -10.177098578073537 273
1623749932735 14.987174990934118 274
1623749956747 14.987174990934118 275
1623749983030 -13.086771946294942 276
1623750009508 -20.03550032272171 277
1623750033196 -23.4463883746618 278
1623750057854 -54.407243896879415 279
1623750084271 21.034479509578894 280
1623750107252 21.034479509578894 281
1623750130567 -56.75057739981544 282
1623750150491 -65.14369241620079 283
1623750170594 -65.14369241620079 284
1623750195533 13.180009816539172 285
1623750220674 13.180009816539172 286
1623750243179 -53.889083082517345 287
1623750265028 -77.97715639859024 288
1623750287858 -48.91499774408307 289
1623750312533 -16.94999624782242 290
1623750334747 -28.236148336338317 291
1623750358023 -33.63143279524873 292
1623750380046 -10.258691541149977 293
1623750401048 -10.258691541149977 294
1623750424064 -84.72139179305196 295
1623750444353 -72.77468509226966 296
1623750465697 -79.222755139023 297
1623750482709 -79.222755139023 298
1623750501708 -38.22561591985592 299
1623750522966 -32.639840423218246 300
1623750542840 -53.76626476128153 301
1623750564810 7.239622283625491 302
1623750582541 7.239622283625491 303
1623750604297 -41.612186980448385 304
1623750624767 -63.15235515222948 305
1623750646048 -53.19413561646886 306
1623750666131 -27.193399810743763 307
1623750690275 -29.538339204413717 308
1623750714140 -51.91175667097233 309
1623750735650 -27.728440810598283 310
1623750759933 4.709628460592322 311
1623750781965 40.05633831082698 312
1623750805775 -26.042543617444256 313
1623750826763 -20.02927690933353 314
1623750845022 -21.544133237272355 315
1623750868034 -2.4679739795226796 316
1623750889154 38.79538627658322 317
1623750912215 -41.0629757123744 318
1623750932940 -47.37492042509864 319
1623750952994 -47.37492042509864 320
1623750976424 -6.808433914749489 321
1623750995865 1.6549592880754176 322
1623751018316 -34.73430453662503 323
1623751040190 -24.702226689474934 324
1623751064669 -31.385419885955564 325
1623751084007 -10.084271991238854 326
1623751106675 -39.87315133636556 327
1623751128795 -30.86772947796129 328
1623751151129 -17.86758925901605 329
1623751173485 -17.86758925901605 330
1623751198457 -28.973349691665145 331
1623751219412 -33.68621179901405 332
1623751241356 -33.68621179901405 333
1623751263432 -56.91841532742806 334
1623751289087 -35.296589547959975 335
1623751310661 -7.190584649939211 336
1623751331889 -7.190584649939211 337
1623751356040 36.659707202528224 338
1623751377039 -52.55673812449935 339
1623751399295 -25.273394898181373 340
1623751421966 -25.273394898181373 341
1623751442716 -58.959107905871846 342
1623751461950 -66.64152584527021 343
1623751483996 -24.71967655275483 344
1623751504845 -24.71967655275483 345
1623751527573 -16.355265354491813 346
1623751547606 -32.22429502360058 347
1623751572722 13.641608861137957 348
1623751602009 23.658681830556826 349
1623751625991 23.658681830556826 350
1623751645818 -74.76874084683539 351
1623751673081 -74.76874084683539 352
1623751697634 -48.65019528809447 353
1623751721551 -60.076756161273124 354
1623751751356 -48.012896974515215 355
1623751772614 -65.53009758815224 356
1623751793685 -26.94714831837074 357
1623751814476 -54.82398079578162 358
1623751835896 -20.612707179339473 359
1623751857822 -20.612707179339473 360
1623751879878 -58.0610599450844 361
1623751904622 -46.622274950404446 362
1623751930531 41.04831078677849 363
1623751956390 -10.98355772472278 364
1623751981641 -4.212379262130997 365
1623752009194 26.27201815525807 366
1623752034740 26.27201815525807 367
1623752059429 -47.14539017430409 368
1623752081585 -3.3662949922460625 369
1623752104493 -3.3662949922460625 370
1623752126619 -37.562886975917976 371
1623752147390 -37.562886975917976 372
1623752170406 -26.958816854418945 373
1623752192727 -26.223349822356862 374
1623752218865 -17.901259510144584 375
1623752249988 40.28677911127361 376
1623752273627 40.28677911127361 377
1623752308238 18.042972059605354 378
1623752342308 33.29211737695496 379
1623752363988 33.29211737695496 380
1623752384030 -39.684696122556886 381
1623752403305 -41.67764318106938 382
1623752424137 -41.67764318106938 383
1623752449999 13.816828972139287 384
1623752477266 13.816828972139287 385
1623752500974 -8.273598056394988 386
1623752530398 20.172508168314245 387
1623752557363 63.938869437246765 388
1623752580855 63.938869437246765 389
1623752605136 -53.752805821162475 390
1623752633942 -6.730467357766758 391
1623752659610 5.187806683996979 392
1623752681689 26.12348792940507 393
1623752704791 26.12348792940507 394
1623752730047 52.643247486082466 395
1623752752208 46.157923237916386 396
1623752773510 -24.76182237549189 397
1623752796951 -48.14858598649372 398
1623752819156 -30.556596960362782 399
