1623743698753 -1595.209951498875 0
1623743725259 -530.017796865908 1
1623743743831 -243.40633817881013 2
1623743765951 -244.11612426996015 3
1623743785535 -148.50355383784424 4
1623743804391 -133.24638045035422 5
1623743824674 -203.09428620858483 6
1623743844754 -132.35534861431424 7
1623743863498 -132.84791924696705 8
1623743883434 -145.63966026644758 9
1623743901296 -110.29683249790045 10
1623743920405 -125.58198189875091 11
1623743941486 -125.3600915331368 12
1623743959242 -102.36223965131373 13
1623743976030 -109.50479281915486 14
1623743998159 -137.74282361904636 15
1623744016458 -151.02735572873476 16
1623744034437 -117.96461364532675 17
1623744052197 -127.0333846510724 18
1623744072854 -213.80371197767212 19
1623744089476 -131.15962660644163 20
1623744113185 -106.38074472564533 21
1623744133012 -118.64282306861223 22
1623744153147 -315.95194913039325 23
1623744172496 -181.92068021160856 24
1623744190891 -146.8112721482547 25
1623744209645 -138.01839673255427 26
1623744227040 -117.43240665899604 27
1623744245516 -135.56204039081936 28
1623744262962 -135.80106402621806 29
1623744280091 -156.98699985649188 30
1623744296861 -144.20837409913995 31
1623744314602 -120.64451810900292 32
1623744332784 -146.52375884634026 33
1623744348821 -133.74591413543249 34
1623744366701 -147.68782628822763 35
1623744383967 -141.31087704728685 36
1623744402513 -113.7250684321172 37
1623744420588 -134.43502826092748 38
1623744437558 -129.24964218098788 39
1623744458417 -173.36338143176124 40
1623744477475 -119.7492129163068 41
1623744497568 -180.155216202315 42
1623744519189 -189.65131317465506 43
1623744541399 -165.69236820131712 44
1623744567067 -155.69712980499065 45
1623744593453 -154.57529512053625 46
1623744615991 -136.5970534006329 47
1623744646255 -134.19683318918496 48
1623744668967 -292.7286489411507 49
1623744695929 -222.38996307003362 50
1623744724345 -228.91464774418486 51
1623744754639 -323.008061505843 52
1623744782046 -194.0786237581786 53
1623744811158 -141.92802488644145 54
1623744834467 -125.02684158702816 55
1623744859837 -211.41025098148907 56
1623744886463 -102.04034392518032 57
1623744907580 -136.35739952372737 58
1623744927368 -256.07358318080617 59
1623744950237 -224.00214077388227 60
1623744968125 -136.13763514015506 61
1623744990834 -210.23398270165475 62
1623745013286 -159.5900886001216 63
1623745034966 -167.42595380517213 64
1623745061445 -229.39642812701496 65
1623745082260 -166.0191445451655 66
1623745102229 -169.8010912742437 67
1623745120396 -139.88959284501144 68
1623745138797 -136.419339614801 69
1623745161835 -151.86179492357923 70
1623745182446 -139.16747435554421 71
1623745203158 -197.71698434058135 72
1623745224022 -176.61949214946202 73
1623745245108 -215.24053255467388 74
1623745268934 -190.53530412308373 75
1623745290004 -245.67844455206455 76
1623745310929 -163.31491495460662 77
1623745329026 -127.03370050963315 78
1623745349869 -199.0510982911969 79
1623745370154 -140.52346465197903 80
1623745391641 -153.08774439263334 81
1623745416158 -210.39070136730442 82
1623745437910 -130.8731715019215 83
1623745456117 -192.20816502998426 84
1623745475588 -179.63883230864388 85
1623745496782 -146.34568030395798 86
1623745517481 -112.32372756205109 87
1623745543128 -147.13018699825892 88
1623745571696 -141.50835251950818 89
1623745599359 -142.12718005937106 90
1623745628403 -143.59065590585766 91
1623745654850 -135.3639483035226 92
1623745678590 -116.3032768116583 93
1623745698843 -260.1808064943448 94
1623745729384 -113.78025788033304 95
1623745754233 -140.12405980849888 96
1623745776392 -126.72051332755908 97
1623745799988 -148.1559342952939 98
1623745823860 -115.40703234210439 99
1623745847323 -142.23346514637814 100
1623745874615 -162.4312153320207 101
1623745901389 -136.53567357048027 102
1623745922190 -204.50873855900767 103
1623745943579 -138.05396408078659 104
1623745967703 -96.8336724669528 105
1623745989639 -129.578597179549 106
1623746011146 -155.9148664041145 107
1623746032911 -137.84595249264208 108
1623746056867 -201.72017665501392 109
1623746077948 -144.52497685415557 110
1623746098896 -129.6899328014839 111
1623746122410 -139.73246072835093 112
1623746149021 -104.21324885031461 113
1623746171444 -125.75487422904264 114
1623746192813 -227.8824863293809 115
1623746215369 -122.34003559906076 116
1623746237705 -192.49942809811805 117
1623746259602 -141.91119296135417 118
1623746280474 -126.09899095791559 119
1623746306682 -131.5105877664801 120
1623746336416 -177.38305828706592 121
1623746356033 -176.2165850532373 122
1623746376768 -140.49654721974375 123
1623746399098 -123.4138350021502 124
1623746421317 -139.2480203587392 125
1623746442347 -170.69059732302827 126
1623746467808 -185.47389691924536 127
1623746488239 -183.05837676819505 128
1623746509430 -183.77170113480776 129
1623746532611 -115.89833887282566 130
1623746554306 -268.4911313988784 131
1623746575299 -124.1640597256815 132
1623746607294 -205.56876276962703 133
1623746632373 -140.02327135368338 134
1623746658635 -199.6605621131207 135
1623746681646 -139.2544124592987 136
1623746704278 -160.60376897404734 137
1623746726854 -188.31090544606695 138
1623746748146 -173.30357221196522 139
1623746768900 -167.20145817698773 140
1623746791441 -165.68352716919412 141
1623746812265 -206.91272213761872 142
1623746831047 -148.10651489297783 143
1623746850282 -167.89158588800942 144
1623746870358 -166.6803383876626 145
1623746887662 -154.90480098769268 146
1623746908724 -139.046745574774 147
1623746929687 -191.1484910461393 148
1623746948843 -127.34028772875618 149
1623746968829 -129.44967630222996 150
1623746989918 -130.69691639066198 151
1623747013627 -100.5710726053824 152
1623747039962 -119.99823426035171 153
1623747063678 -275.19150470396863 154
1623747087119 -208.1076590624541 155
1623747108613 -132.3102866094835 156
1623747129466 -198.06350941984755 157
1623747148869 -132.81725281461416 158
1623747171411 -137.34771300080516 159
1623747194555 -125.17610107645241 160
1623747218128 -168.1740162581981 161
1623747245753 -155.96210985809464 162
1623747268682 -182.00174340030293 163
1623747294045 -194.16864127768727 164
1623747317350 -191.84185235045496 165
1623747341451 -180.53146072117286 166
1623747365401 -258.27824652462766 167
1623747386256 -148.16276409983016 168
1623747407284 -190.96376771310253 169
1623747426748 -194.28244029040857 170
1623747449229 -147.89997866947414 171
1623747468231 -124.73594558954888 172
1623747496290 -127.21277685304248 173
1623747520874 -140.05945186372531 174
1623747541841 -111.61847788614914 175
1623747562637 -130.5565877713974 176
1623747583021 -146.23512476346465 177
1623747605053 -130.2946928823118 178
1623747630465 -125.64602679070565 179
1623747660573 -164.7197871070989 180
1623747687111 -179.0034293732202 181
1623747708753 -136.83576172916972 182
1623747730087 -161.32344907539257 183
1623747752720 -144.36117622982226 184
1623747774070 -134.95570175743086 185
1623747795063 -136.23962392284523 186
1623747818520 -168.07657510200534 187
1623747838509 -120.40415411269419 188
1623747860549 -128.78499752235217 189
1623747881280 -219.14565509293016 190
1623747901764 -138.5213009372796 191
1623747926583 -155.27056561130755 192
1623747950600 -133.172802766504 193
1623747972447 -190.64830571374495 194
1623747994965 -129.98440075229075 195
1623748015333 -148.55608926179286 196
1623748039596 -235.96152397117936 197
1623748061078 -132.9757708015398 198
1623748085141 -131.56718696325365 199
1623748104647 -156.21456546606115 200
1623748133549 -106.8589477269289 201
1623748158057 -247.20367162410375 202
1623748183226 -161.84642280382195 203
1623748205743 -191.28336419598477 204
1623748227551 -129.8283125989764 205
1623748248910 -107.09514219451421 206
1623748274648 -124.68501821974613 207
1623748298552 -138.23337410980767 208
1623748324644 -169.42265422478633 209
1623748347346 -140.21653486875735 210
1623748372086 -222.37328865086937 211
1623748395186 -156.7562492243184 212
1623748414209 -166.05644369976315 213
1623748433581 -141.8999562063847 214
1623748456556 -126.1670894194096 215
1623748478129 -125.04780350314438 216
1623748500154 -203.10164662068908 217
1623748524625 -128.9038316912636 218
1623748549758 -153.53309458542464 219
1623748573900 -146.19543610609702 220
1623748598114 -142.56500758043762 221
1623748619096 -181.93054946934504 222
1623748641542 -136.8755170934749 223
1623748663368 -139.7008309086463 224
1623748684631 -136.29010035534387 225
1623748709441 -165.9057377625561 226
1623748731219 -183.03058605931363 227
1623748752555 -142.72890779136296 228
1623748773553 -118.69044248983307 229
1623748794801 -125.91196673323307 230
1623748822451 -122.8677970222069 231
1623748849730 -152.32074829697575 232
1623748873547 -177.580319670456 233
1623748897693 -135.50099826746595 234
1623748923955 -134.42991939942314 235
1623748951974 -128.4825813184781 236
1623748973758 -187.6251343037016 237
1623749005541 -124.78922036801893 238
1623749033185 -196.8324438366839 239
1623749062938 -167.80641443470572 240
1623749082835 -166.81962443463198 241
1623749106407 -143.234117802325 242
1623749131464 -260.29438593332367 243
1623749154699 -215.7248355045774 244
1623749184732 -119.56478891436329 245
1623749205738 -225.9596868187702 246
1623749232813 -176.38332808135354 247
1623749261852 -133.45481100780137 248
1623749286545 -155.1519580418777 249
1623749316122 -158.61336750553866 250
1623749338431 -148.0936790472104 251
1623749361722 -206.95952015851134 252
1623749386076 -228.6308234199696 253
1623749408628 -113.57053449475511 254
1623749433226 -116.06419586845391 255
1623749467100 -118.8753139257979 256
1623749492650 -215.19495329146494 257
1623749523091 -269.69756823591115 258
1623749549896 -151.61467456075783 259
1623749584206 -123.83468173074729 260
1623749611040 -144.57657256065713 261
1623749637453 -276.49303919371664 262
1623749665205 -155.51662961441204 263
1623749692314 -205.27957913622703 264
1623749719288 -154.46441544177688 265
1623749747691 -175.50620786337504 266
1623749776657 -151.44207522640832 267
1623749802025 -181.65896098833474 268
1623749827660 -125.39791905942084 269
1623749848236 -176.0543520445122 270
1623749866942 -164.03552214784762 271
1623749888353 -115.06375368382953 272
1623749908529 -126.64722524045021 273
1623749932691 -144.14194930280647 274
1623749956703 -251.05936365509942 275
1623749982985 -170.67631258995004 276
1623750009462 -175.21154557462577 277
1623750033151 -185.29143363545845 278
1623750057810 -183.82337907694463 279
1623750084226 -173.95075925671432 280
1623750107206 -195.75136106298322 281
1623750130513 -268.6070546716968 282
1623750150446 -147.14765897442368 283
1623750170548 -167.5019823721108 284
1623750195488 -124.6587163508012 285
1623750220628 -152.4821974536618 286
1623750243134 -221.8433287934593 287
1623750264981 -194.48212393185105 288
1623750287812 -153.48946272301734 289
1623750312485 -202.21960194379213 290
1623750334701 -132.00847658626344 291
1623750357976 -174.85131835271346 292
1623750380000 -141.46522678855828 293
1623750401002 -214.10654333024686 294
1623750424020 -227.78572353269692 295
1623750444307 -196.62770810996216 296
1623750465651 -190.58984866599948 297
1623750482663 -137.95260459273783 298
1623750501661 -149.04586725364086 299
1623750522921 -122.96315744195992 300
1623750542793 -132.80763520399188 301
1623750564765 -215.5513067093112 302
1623750582494 -138.42249729580772 303
1623750604251 -167.07879107671585 304
1623750624722 -196.34119706609644 305
1623750646003 -127.46072605589094 306
1623750666085 -127.91175175981598 307
1623750690230 -171.39992085553178 308
1623750714094 -143.30877319424175 309
1623750735603 -144.0563163279724 310
1623750759885 -131.96782701949434 311
1623750781916 -188.03975112616072 312
1623750805728 -119.87279837784925 313
1623750826716 -190.53637731053206 314
1623750844974 -174.22954810319226 315
1623750867988 -183.07035712502125 316
1623750889106 -134.9001589337549 317
1623750912166 -155.9157614026974 318
1623750932893 -153.18779773482223 319
1623750952947 -131.1275089252303 320
1623750976376 -127.5110553498295 321
1623750995817 -121.21436371272209 322
1623751018268 -163.78113493147674 323
1623751040142 -142.3913890091291 324
1623751064620 -236.12620170949558 325
1623751083958 -122.8680373320177 326
1623751106628 -182.73820200890202 327
1623751128746 -169.04850191596233 328
1623751151081 -145.68052908229214 329
1623751173439 -142.78225155381114 330
1623751198411 -142.07773207974225 331
1623751219363 -121.47805693250098 332
1623751241309 -264.8780402497693 333
1623751263383 -225.55968709978077 334
1623751289041 -171.8936325238156 335
1623751310611 -133.09049771635077 336
1623751331842 -220.17906270463214 337
1623751355994 -152.62716423204625 338
1623751376990 -177.83608242484664 339
1623751399247 -119.67262383096315 340
1623751421913 -198.1281676695873 341
1623751442670 -207.75254950546451 342
1623751461902 -146.4662626521707 343
1623751483948 -133.8005657766524 344
1623751504794 -220.31084696755198 345
1623751527525 -186.73671925829197 346
1623751547558 -133.85314509811766 347
1623751572674 -119.54731844474126 348
1623751601962 -132.2230444754932 349
1623751625941 -236.7222141197899 350
1623751645758 -166.58554076227247 351
1623751673011 -158.6103246868371 352
1623751697583 -125.44958178373847 353
1623751721490 -233.2915566160033 354
1623751751309 -200.73935262951488 355
1623751772566 -142.18256301527077 356
1623751793637 -149.29299184982176 357
1623751814425 -101.77856552170218 358
1623751835848 -135.91485798941565 359
1623751857774 -166.22248275398496 360
1623751879830 -132.83289901449575 361
1623751904572 -166.07789919592602 362
1623751930483 -149.61637767737818 363
1623751956341 -164.33820604460394 364
1623751981593 -126.6459164941707 365
1623752009144 -138.08325537442875 366
1623752034692 -188.23732817427185 367
1623752059380 -164.6523909946114 368
1623752081538 -132.14976762694218 369
1623752104445 -140.03743120397866 370
1623752126570 -106.08207314818807 371
1623752147340 -130.64521326584287 372
1623752170359 -161.23645299664923 373
1623752192679 -125.12564345059198 374
1623752218817 -162.89358482000634 375
1623752249940 -133.520802282067 376
1623752273578 -140.65478772987012 377
1623752308189 -126.74017638601337 378
1623752342258 -174.4076623273288 379
1623752363941 -196.92287740522002 380
1623752383981 -216.13899299993008 381
1623752403256 -129.39040805275874 382
1623752424090 -140.09001379253675 383
1623752449949 -142.36330764909 384
1623752477218 -142.18739995829944 385
1623752500924 -141.62217406636356 386
1623752530349 -185.52791385822135 387
1623752557315 -116.43503373659271 388
1623752580806 -187.46005964440246 389
1623752605084 -135.555787024287 390
1623752633888 -114.47961261259157 391
1623752659559 -190.14443606725212 392
1623752681639 -147.04352223386132 393
1623752704731 -152.04036638560612 394
1623752729993 -109.21596954980446 395
1623752752153 -172.0509567625638 396
1623752773458 -135.89685902253638 397
1623752796899 -124.22320204490902 398
1623752819106 -177.07154969799103 399
