1623718078911 -506 0
1623718111502 -225 1
1623718136049 -114 2
1623718161493 -118 3
1623718187696 -112 4
1623718215732 -167 5
1623718241363 -124 6
1623718264645 -128 7
1623718292542 -159 8
1623718318536 -58 9
1623718346590 -153 10
1623718374171 -110 11
1623718398953 -134 12
1623718427360 -136 13
1623718466799 -144 14
1623718495176 -150 15
1623718519287 -102 16
1623718544004 -131 17
1623718568400 -124 18
1623718592337 -138 19
1623718613512 -130 20
1623718649258 -158 21
1623718675873 -118 22
1623718706892 -130 23
1623718734903 -159 24
1623718764244 -129 25
1623718786449 -126 26
1623718803467 -97 27
1623718822468 -134 28
1623718844872 -115 29
1623718871597 -114 30
1623718899293 -87 31
1623718938492 -123 32
1623718969151 -73 33
1623719000457 -73 34
1623719037962 -83 35
1623719069804 -92 36
1623719108075 -137 37
1623719142031 -111 38
1623719177827 -75 39
1623719208593 -76 40
1623719252748 -95 41
1623719289975 -79 42
1623719324644 -71 43
1623719358878 -55 44
1623719409567 -134 45
1623719440901 -85 46
1623719469843 -128 47
1623719499861 -120 48
1623719534294 -63 49
1623719570188 -99 50
1623719604061 -113 51
1623719638448 -107 52
1623719698711 -92 53
1623719788822 -92 54
1623719846546 -128 55
1623719915459 -100 56
1623719981845 -92 57
1623720009151 -96 58
1623720043511 -83 59
1623720107343 -97 60
1623720150171 -95 61
1623720184063 -80 62
1623720244218 -154 63
1623720276619 -60 64
1623720316018 -81 65
1623720362170 -102 66
1623720384752 -68 67
1623720422069 -72 68
1623720496897 -63 69
1623720551959 -73 70
1623720586875 -83 71
1623720624732 -104 72
1623720660691 -69 73
1623720697197 -23 74
1623720759338 -49 75
1623720793835 -78 76
1623720846388 -112 77
1623720897660 -62 78
1623720968458 -95 79
1623721001313 -129 80
1623721037242 -134 81
1623721097673 -43 82
1623721150536 -87 83
