1623718078940 -86.4111410356837 0
1623718111532 -86.4111410356837 1
1623718136078 -106.67072632633263 2
1623718161526 -94.87920897606458 3
1623718187728 -105.39168411581446 4
1623718215764 -113.6674038090093 5
1623718241393 -118.13751499475325 6
1623718264676 -118.13751499475325 7
1623718292574 -119.65772243324777 8
1623718318568 -48.034799269652865 9
1623718346622 -48.034799269652865 10
1623718374203 -99.96866442174829 11
1623718398985 -99.96866442174829 12
1623718427392 -117.87616896274271 13
1623718466831 -88.12933219122958 14
1623718495206 -88.2680630595235 15
1623718519318 -97.30876046946989 16
1623718544035 -98.09798256656678 17
1623718568431 -121.04507243738335 18
1623718592367 -121.04507243738335 19
1623718613542 -70.73813599703715 20
1623718649288 -70.73813599703715 21
1623718675905 -72.46141271001042 22
1623718706923 -72.46141271001042 23
1623718734935 -73.781559264082 24
1623718764266 -92.74783594765547 25
1623718786468 -58.15175242559567 26
1623718803489 -58.15175242559567 27
1623718822490 -65.38488374495952 28
1623718844902 -75.64305413566892 29
1623718871630 -81.90608681400371 30
1623718899323 22.11611619832083 31
1623718938524 22.11611619832083 32
1623718969182 -9.709456289892547 33
1623719000489 28.850748968483828 34
1623719037993 10.0684313992606 35
1623719069835 10.0684313992606 36
1623719108106 -45.83634664528138 37
1623719142061 -60.15495024337478 38
1623719177859 58.83420976635033 39
1623719208625 58.83420976635033 40
1623719252780 13.732359016639876 41
1623719290006 51.40570804598743 42
1623719324674 31.45271706657392 43
1623719358909 -2.640562437065219 44
1623719409598 -2.640562437065219 45
1623719440931 -52.9367161819622 46
1623719469874 -44.16290892539247 47
1623719499893 -39.31140616353882 48
1623719534326 -9.236021848567026 49
1623719570219 -10.232159965619942 50
1623719604093 -6.568412375549292 51
1623719638481 -1.4860164406071106 52
1623719698743 83.87173185036876 53
1623719788844 79.98428993072744 54
1623719846579 56.27838449161618 55
1623719915492 3.3700224108705497 56
1623719981868 3.3700224108705497 57
1623720009172 -4.549340090237445 58
1623720043542 -24.317847763177884 59
1623720107376 -4.744126796600213 60
1623720150205 -4.744126796600213 61
1623720184095 -9.776247447514262 62
1623720244240 -3.9265398967791554 63
1623720276640 43.30064268296106 64
1623720316051 35.03444058639394 65
1623720362201 86.03863324471018 66
1623720384771 32.14814271236891 67
1623720422100 -17.541166689288485 68
1623720496953 23.792516001793537 69
1623720551996 21.779743216844576 70
1623720586914 21.779743216844576 71
1623720624779 -32.05020218607662 72
1623720660790 10.32379175965229 73
1623720697233 48.70576242750625 74
1623720759372 48.70576242750625 75
1623720793869 -3.580688724668792 76
1623720846420 -14.999109362604946 77
1623720897696 62.96323233775384 78
1623720968492 62.96323233775384 79
1623721001348 -14.858790801989386 80
1623721037274 -20.230293025331452 81
1623721097706 87.56808704852988 82
1623721150613 59.27162498226927 83
