1623718078881 -1595.209951498875 0
1623718111471 -590.3155595814785 1
1623718136019 -191.31891720051686 2
1623718161452 -447.587525749759 3
1623718187664 -113.6674038090093 4
1623718215700 -181.17578308516028 5
1623718241332 -127.97351140048352 6
1623718264613 -130.0478500515233 7
1623718292510 -169.32516180752893 8
1623718318504 -104.86232301096064 9
1623718346557 -179.12709129963196 10
1623718374139 -116.84859100816315 11
1623718398921 -139.96778597084455 12
1623718427326 -138.54069886232827 13
1623718466767 -419.2392078028935 14
1623718495145 -168.88968042954184 15
1623718519255 -102.88624059102764 16
1623718543972 -138.2369004336911 17
1623718568369 -126.01528430226088 18
1623718592306 -142.1325924456281 19
1623718613482 -135.76871614650022 20
1623718649227 -381.6962942612243 21
1623718675841 -119.61805284337649 22
1623718706860 -235.6134446686311 23
1623718734871 -229.41503473918783 24
1623718764222 -221.6219048879565 25
1623718786423 -213.00882418429813 26
1623718803443 -109.88437211182736 27
1623718822444 -252.98925710269813 28
1623718844841 -138.0844723536024 29
1623718871564 -138.21697050882858 30
1623718899262 -147.71328568814417 31
1623718938459 -156.77796750693375 32
1623718969120 -123.5863555990151 33
1623719000424 -134.73949855312875 34
1623719037929 -134.47559982033658 35
1623719069772 -173.21729111828006 36
1623719108043 -200.7738386202537 37
1623719141999 -270.50702933476174 38
1623719177795 -128.1075282840881 39
1623719208560 -134.07575999163163 40
1623719252714 -147.89678039562168 41
1623719289943 -276.2636278072386 42
1623719324613 -136.0736088037468 43
1623719358846 -148.96201233702757 44
1623719409535 -247.99803590756648 45
1623719440869 -121.64148938155412 46
1623719469812 -236.02170187070277 47
1623719499828 -252.15050973061824 48
1623719534262 -116.41890010020848 49
1623719570156 -159.6116099670083 50
1623719604029 -259.14906558249675 51
1623719638416 -312.495701428411 52
1623719698679 -272.09552144773477 53
1623719788796 -212.47210069166098 54
1623719846513 -228.62395997195034 55
1623719915425 -193.28420076216406 56
1623719981820 -185.06748001378202 57
1623720009128 -184.92174201845086 58
1623720043480 -222.8050434551646 59
1623720107309 -401.5183331642028 60
1623720149737 -227.15989057883934 61
1623720184031 -165.39276258215918 62
1623720244194 -552.5393509540529 63
1623720276596 -211.2287107923295 64
1623720315984 -173.1264593901853 65
1623720362138 -347.27983965481974 66
1623720384717 -159.25648403957902 67
1623720422026 -169.31934492001568 68
1623720496780 -209.58752166828782 69
1623720551458 -243.33153623965342 70
1623720586563 -130.64472117329265 71
1623720624644 -195.67193960859603 72
1623720660196 -172.85648278519196 73
1623720696731 -81.99415218544627 74
1623720758926 -158.6294222451933 75
1623720793638 -181.8387612750051 76
1623720846084 -233.3211291281139 77
1623720897089 -146.25363427264114 78
1623720968038 -153.53541148099322 79
1623721000925 -274.2012618600759 80
1623721036935 -329.9166744317025 81
1623721096928 -127.96281112556453 82
1623721149716 -319.9071738078529 83
