1623840978918 -664.8063257389043 0
1623841008618 -440.00518288006634 1
1623841032885 -398.19903702434544 2
1623841054577 -301.4448732380965 3
1623841074032 -182.87804550771503 4
1623841090711 -160.203549858835 5
1623841109581 -200.64623220007854 6
1623841126139 -161.9901555449794 7
1623841141139 -161.035435498968 8
1623841158189 -138.14644352061333 9
1623841174770 -125.6518916254952 10
1623841193961 -147.8947283192756 11
1623841212138 -164.87299714222488 12
1623841228061 -128.3831605467435 13
1623841246139 -139.6324534896895 14
1623841265440 -152.34411142378337 15
1623841279732 -136.0648238197396 16
1623841294091 -142.56541653709417 17
1623841310237 -153.6263402350023 18
1623841325602 -156.9699486340744 19
1623841342796 -147.94250287374268 20
1623841358966 -152.60087841886156 21
1623841377706 -171.50647790150234 22
1623841395248 -186.1750077462437 23
1623841411495 -142.80166374548526 24
1623841426829 -140.19255820754617 25
1623841442253 -122.67672976754822 26
1623841460171 -149.83749056360327 27
1623841478450 -138.28974390250633 28
1623841495597 -144.63963959946696 29
1623841512863 -165.1815128033479 30
1623841528328 -142.9280115979805 31
1623841545825 -140.74467673164528 32
1623841562972 -138.47932947153066 33
1623841579874 -134.29208330792875 34
1623841595038 -109.07242442961814 35
1623841613219 -124.76148474459278 36
1623841629263 -107.37773473774118 37
1623841647331 -121.07186713304083 38
1623841665943 -103.89720735914103 39
1623841681947 -141.4757696904143 40
1623841696673 -132.74681355072318 41
1623841713327 -119.05706231433187 42
1623841730633 -178.87925672091137 43
1623841746370 -139.68370708072595 44
1623841763737 -135.3939555003346 45
1623841783751 -154.62643382569794 46
1623841801453 -128.53470103415103 47
1623841817587 -149.6610693751462 48
1623841835648 -148.5212378223015 49
1623841853257 -131.9155321688487 50
1623841870859 -136.5514155418366 51
1623841888860 -137.91782933788144 52
1623841907056 -142.54936949048488 53
1623841922912 -122.54734843798704 54
1623841941964 -154.5246210096763 55
1623841962425 -161.51053733303422 56
1623841980112 -147.43435555617054 57
1623841999846 -128.64040552015294 58
1623842018170 -169.2751981076178 59
1623842037861 -137.0268914559102 60
1623842054598 -158.93185347428388 61
1623842070725 -135.0784476128735 62
1623842087611 -138.89992299323274 63
1623842105753 -123.05473174321837 64
1623842125293 -169.16224302508763 65
1623842143031 -121.87425195587029 66
1623842161298 -132.42025505127927 67
1623842179062 -126.3937509169561 68
1623842197630 -125.48024753392424 69
1623842217033 -159.97157629833202 70
1623842236303 -105.14190831772191 71
1623842254660 -140.7504825575444 72
1623842274770 -134.91187791686554 73
1623842293313 -115.48787194698642 74
1623842313286 -128.75112019678525 75
1623842332767 -97.86037178512203 76
1623842353074 -104.42761243203151 77
1623842373686 -106.06823467873639 78
1623842392215 -155.2676187523283 79
1623842412725 -133.43714954048218 80
1623842430913 -129.72143786371237 81
1623842451219 -112.36964449376687 82
1623842470951 -132.15908014602562 83
1623842491003 -142.5885307445359 84
1623842511879 -100.62025261545031 85
1623842532195 -92.9981765561287 86
1623842551701 -132.32748141395015 87
1623842569967 -120.9312477836991 88
1623842588296 -129.351199366093 89
1623842608565 -120.76356751680706 90
1623842626260 -106.99978702334394 91
1623842645355 -139.18783373831099 92
1623842662584 -87.05623743791543 93
1623842681837 -129.05624054024662 94
1623842702268 -133.01105503754513 95
1623842719417 -135.26717817193293 96
1623842741075 -111.10560608748801 97
1623842762814 -110.77943067696036 98
1623842786125 -144.30628415945475 99
1623842806562 -92.51212309147766 100
1623842828782 -158.83143179395398 101
1623842849078 -101.86988642459958 102
1623842872472 -167.49301010199426 103
1623842893286 -128.79370371445202 104
1623842915070 -141.55362369341003 105
1623842937489 -149.29318756364032 106
1623842957598 -105.5195738225137 107
1623842976235 -121.25752570666015 108
1623842994203 -137.07166531375827 109
1623843012050 -115.75129272878253 110
1623843030502 -95.27770896600326 111
1623843051326 -155.42856332976737 112
1623843070736 -109.33294053748322 113
1623843091145 -89.662829610591 114
1623843110415 -113.30732929430627 115
1623843129310 -104.78505401241563 116
1623843149902 -125.99233996682415 117
1623843169115 -79.429830843769 118
1623843189245 -115.43983908248448 119
1623843208307 -139.75316166211428 120
1623843228348 -119.86921759009928 121
1623843248357 -121.28605929815228 122
1623843269207 -168.07901063833768 123
1623843286884 -95.44317936777588 124
1623843306992 -86.66256174560183 125
1623843327897 -101.41519792173003 126
1623843348919 -130.49788174656476 127
1623843366473 -135.43104551620934 128
1623843384477 -113.79621173501904 129
1623843403804 -129.3557490787734 130
1623843423533 -108.97373789296097 131
1623843446079 -124.90418465669185 132
1623843466171 -84.46502899949732 133
1623843486724 -111.64516592027974 134
1623843510340 -145.66605521171613 135
1623843531403 -118.85018058340171 136
1623843552350 -76.26896329462045 137
1623843571594 -107.36594224132858 138
1623843590957 -160.836825343569 139
1623843612216 -88.20432511862472 140
1623843632891 -97.60504356265275 141
1623843655221 -139.72040370971177 142
1623843677950 -149.0075758003237 143
1623843698278 -119.56291706508037 144
1623843718593 -177.52165404969065 145
1623843736978 -94.87163047163314 146
1623843755013 -101.67535427141848 147
1623843772668 -102.05850488088949 148
1623843793457 -117.44793819581712 149
1623843814421 -96.47465849071423 150
1623843832896 -113.94304104078856 151
1623843853210 -99.047048874513 152
1623843874141 -112.38055314821653 153
1623843892988 -166.6780156559981 154
1623843913408 -123.09598241560144 155
1623843934132 -108.66302238177924 156
1623843953617 -140.76383760674 157
1623843972692 -109.64239863685614 158
1623843994023 -124.47587749986025 159
1623844014606 -104.18858980435608 160
1623844034817 -149.55491082786284 161
1623844054051 -107.9503196086626 162
1623844075995 -65.389233414588 163
1623844100067 -127.96031002432976 164
1623844118608 -94.97716652336801 165
1623844140127 -141.13695202315807 166
1623844160386 -129.65779880589184 167
1623844180162 -113.65291252565441 168
1623844200697 -90.17825134493565 169
1623844219943 -119.25920639736458 170
1623844238991 -131.56308200124323 171
1623844255978 -110.34687105837558 172
1623844274870 -90.21342647489426 173
1623844297421 -126.57200878045255 174
1623844321109 -146.03746780076767 175
1623844344029 -187.3135145102738 176
1623844366680 -123.41187516201502 177
1623844390648 -139.95338478711435 178
1623844412802 -89.6677259201971 179
1623844432721 -106.74277809567235 180
1623844451492 -103.7215625275905 181
1623844472114 -116.30079277393769 182
1623844494476 -144.74879834474064 183
1623844515307 -123.15909140792681 184
1623844534238 -115.13277292754798 185
1623844553301 -104.11740002342907 186
1623844576087 -73.96494398891663 187
1623844600826 -118.28822014917387 188
1623844625685 -66.20159024783997 189
1623844647606 -139.56203403596064 190
1623844672226 -107.99682740565751 191
1623844696368 -94.72226747541441 192
1623844718469 -89.26568483929078 193
1623844744374 -80.35871967971673 194
1623844764872 -174.16211753469656 195
1623844786610 -174.96272384116114 196
1623844808174 -114.09178362693197 197
1623844829300 -102.53852012677211 198
1623844848984 -118.08101484364657 199
1623844870748 -91.9970457893174 200
1623844896813 -114.64700249709858 201
1623844918642 -169.45535446096622 202
1623844939783 -79.64487300423279 203
1623844959447 -155.88126438557302 204
1623844978208 -106.41762395882569 205
1623844997841 -125.32032963961437 206
1623845018174 -102.80253939521037 207
1623845036938 -94.07979135178194 208
1623845056057 -80.79143687887297 209
1623845078350 -121.9697026630295 210
1623845097880 -126.17792619852975 211
1623845118541 -74.80450936490813 212
1623845138787 -107.70618032595554 213
1623845160206 -98.19109975170892 214
1623845179620 -160.62823927711403 215
1623845201109 -90.34207622368125 216
1623845222691 -94.6568914629354 217
1623845241548 -101.07299838236746 218
1623845264925 -87.49554123666721 219
1623845284519 -138.3522179950977 220
1623845305997 -136.19334607019886 221
1623845330076 -181.36114331488108 222
1623845354181 -51.03438338603697 223
1623845376140 -140.03707936641277 224
1623845399099 -107.1709995385297 225
1623845419243 -106.26200419252916 226
1623845439753 -113.08122640113838 227
1623845461653 -97.5047615638277 228
1623845485925 -142.66413714648607 229
1623845509540 -60.7523805942692 230
1623845532066 -124.51699092458776 231
1623845552903 -124.77068670044393 232
1623845575307 -123.00645100685828 233
1623845596442 -59.37321006443414 234
1623845619407 -99.04951847508941 235
1623845638352 -100.20888673518294 236
1623845659822 -77.62790831263477 237
1623845681709 -85.57297980724577 238
1623845701328 -100.8984608402708 239
1623845723043 -60.73997083703391 240
1623845747102 -67.19629640511242 241
1623845768098 -89.79945953511022 242
1623845788033 -111.62268028268198 243
1623845810150 -123.94865595425199 244
1623845829672 -131.3835885683529 245
1623845851778 -80.04746681603048 246
1623845872444 -165.80218926077296 247
1623845894725 -131.9583402777989 248
1623845919863 -67.52399846967423 249
1623845944380 -69.18720724675339 250
1623845968274 -104.53712624805262 251
1623845992810 -106.91178543010209 252
1623846013884 -111.94838469194502 253
1623846037302 -53.76907566248029 254
1623846061666 -91.95826151451298 255
1623846083222 -109.17948887390752 256
1623846110604 -94.21549301117676 257
1623846132660 -81.46528609742245 258
1623846154670 -138.02136786615907 259
1623846174418 -117.48517985963059 260
1623846201271 -71.35073034664755 261
1623846222930 -136.96487960767587 262
1623846245203 -99.44053763013044 263
1623846269578 -66.63321863111048 264
1623846290683 -126.07812992401024 265
1623846311143 -139.44316262620708 266
1623846331430 -86.24292637775925 267
1623846354811 -142.70338634408384 268
1623846376691 -168.5192939232148 269
1623846401857 -97.46471512441454 270
1623846429387 -99.61383494351759 271
1623846455684 -114.33590777820237 272
1623846482226 -68.41808952402073 273
1623846504321 -115.58327158378937 274
1623846524727 -143.08701018919334 275
1623846560217 -74.41712582427202 276
1623846580983 -184.24042202521835 277
1623846603289 -135.56636039533313 278
1623846622663 -148.30925476589024 279
1623846643720 -98.52156923718687 280
1623846665267 -167.2262200661329 281
1623846684877 -116.04503987785296 282
1623846705880 -102.42300526811546 283
1623846725426 -122.83815963737976 284
1623846743752 -99.11414599157847 285
1623846762277 -104.99243509725096 286
1623846781255 -86.14048562664125 287
1623846801604 -150.288736281578 288
1623846822504 -113.59921413871331 289
1623846842571 -134.74887920328533 290
1623846862530 -74.88906842608975 291
1623846883135 -127.94156157234227 292
1623846903138 -102.79663907537248 293
1623846923266 -104.77609149115601 294
1623846944786 -93.36402846997879 295
1623846966610 -92.5464782748698 296
1623846989148 -107.37089767697302 297
1623847008580 -150.70645058395996 298
1623847028291 -112.05783740997953 299
1623847053398 -84.62219773533432 300
1623847075999 -80.21015625191599 301
1623847098357 -112.89121518276148 302
1623847119702 -151.16706670730412 303
1623847141919 -69.89481085545744 304
1623847167398 -89.72848293459215 305
1623847188485 -138.2059598250146 306
1623847209233 -98.95944555915118 307
1623847231313 -131.72057804674355 308
1623847255918 -98.22912365143131 309
1623847277113 -101.66441843174438 310
1623847299995 -86.2569498502669 311
1623847319552 -77.41178174193573 312
1623847340194 -142.3250115006715 313
1623847359754 -116.17158412731031 314
1623847377942 -95.1913842738607 315
1623847399223 -101.20313792248214 316
1623847421135 -113.67087409243453 317
1623847443658 -99.13372965172948 318
1623847469792 -96.90501061170005 319
1623847493777 -104.13288020001963 320
1623847516313 -110.26246358588291 321
1623847544389 -88.7498265079424 322
1623847570553 -73.90398658255134 323
1623847590617 -154.0338495899587 324
1623847615175 -154.62790994624086 325
1623847644588 -110.88793148472301 326
1623847668404 -58.886756874833 327
1623847693202 -89.47186783904569 328
1623847717157 -74.76658260429491 329
1623847744198 -59.71446672165943 330
1623847774775 -62.07287912688977 331
1623847797672 -110.90268849965237 332
1623847817840 -100.987038576527 333
1623847840538 -115.45476694378237 334
1623847864230 -104.06239803032081 335
1623847885970 -142.92871716442434 336
1623847904893 -112.92123491152338 337
1623847925661 -109.81033475219316 338
1623847948637 -129.67019558812052 339
1623847970630 -128.69515875892495 340
1623847989625 -104.24075908521962 341
1623848009464 -114.02379705507161 342
1623848027914 -105.69613611132453 343
1623848047212 -92.92970529278746 344
1623848068155 -142.3493501712715 345
1623848091508 -113.25635898639945 346
1623848112488 -112.27335675081959 347
1623848131751 -126.55999227083458 348
1623848154532 -157.58189972141133 349
1623848174215 -144.9952492965998 350
1623848199247 -122.09100771744201 351
1623848220354 -94.3594380564035 352
1623848249242 -52.4207503875899 353
1623848271564 -133.77333049655397 354
1623848294804 -88.85294623251428 355
1623848321722 -94.00363292481143 356
1623848341679 -92.67986214101866 357
1623848364285 -121.94668468031954 358
1623848385932 -140.01198175132973 359
1623848408654 -128.78739516989887 360
1623848437896 -89.85932348986094 361
1623848459667 -147.97859378714685 362
1623848484836 -98.52020943146599 363
1623848507059 -118.69638833379071 364
1623848529549 -145.43743354322856 365
1623848550295 -117.4557800905771 366
1623848569532 -151.94156211359095 367
1623848588405 -168.18240629185115 368
1623848608115 -173.5692327869821 369
1623848625168 -149.25029937837428 370
1623848642764 -111.20696659962987 371
1623848664239 -67.48166720488517 372
1623848683972 -148.067519730932 373
1623848708333 -72.44859812078201 374
1623848732305 -81.49964717489802 375
1623848757592 -126.54114932485807 376
1623848777465 -163.83931889995495 377
1623848799201 -98.31252528477498 378
1623848822736 -105.10280616342719 379
1623848842547 -109.68604974067473 380
1623848866393 -105.09953293313046 381
1623848886278 -109.59269050388014 382
1623848906824 -177.67312419593168 383
1623848926197 -104.71665665423251 384
1623848956680 -53.33551640642178 385
1623848980570 -137.823366687234 386
1623849006335 -91.71295900366516 387
1623849032661 -107.85908484614187 388
1623849059288 -67.06087105139247 389
1623849085897 -91.99987046961444 390
1623849107579 -124.90986746673524 391
1623849130365 -99.6628566220059 392
1623849160302 -54.0758557968842 393
1623849186592 -75.20791325758874 394
1623849213326 -157.7238173821504 395
1623849240604 -104.83524414825257 396
1623849262897 -151.83766701948272 397
1623849285757 -152.54333258980253 398
1623849312659 -82.06853122349445 399
