1623840978938 -139.1633719043803 0
1623841008636 -130.49635048008577 1
1623841032904 -155.45158342838786 2
1623841054595 -142.59439431838823 3
1623841074052 -65.88079151101797 4
1623841090731 -91.90972957283834 5
1623841109602 -63.17501904715702 6
1623841126158 -112.71333662422141 7
1623841141158 -103.39679592342176 8
1623841158209 -96.98774570004569 9
1623841174789 -70.08995151363386 10
1623841193981 -54.96767542465634 11
1623841212159 -69.28876946059628 12
1623841228081 4.7459763992696535 13
1623841246159 -61.69254590543395 14
1623841265458 -109.6066293860689 15
1623841279752 -96.17566464529091 16
1623841294111 -115.14703599715521 17
1623841310256 -113.89199435036107 18
1623841325621 -124.38361317852537 19
1623841342815 -65.95614788964315 20
1623841358986 -95.11794072873636 21
1623841377725 -99.5862689471584 22
1623841395268 -129.89413188092635 23
1623841411515 -104.3152382185799 24
1623841426849 -100.75658446347263 25
1623841442273 -63.92233172325414 26
1623841460190 -93.60575030335977 27
1623841478471 -101.15854920395373 28
1623841495615 -87.18675425140403 29
1623841512882 -150.80094492988727 30
1623841528349 -109.32042954421918 31
1623841545845 -59.465752583965426 32
1623841562991 -73.11818455137278 33
1623841579894 -64.31891823635596 34
1623841595057 -43.14696739762269 35
1623841613238 -58.09018273644199 36
1623841629284 -32.452215433073675 37
1623841647352 -53.166065205059866 38
1623841665966 -59.17480481965568 39
1623841681967 -34.43755910694805 40
1623841696693 -67.05778157401086 41
1623841713347 -39.87421113291613 42
1623841730653 -42.281434303235486 43
1623841746389 -65.8287588079907 44
1623841763757 39.84318364490091 45
1623841783773 -96.4591691804328 46
1623841801472 -58.46741920275656 47
1623841817607 -82.32903126594074 48
1623841835668 -94.48413103295482 49
1623841853277 -82.88471394092588 50
1623841870880 -72.74965042623383 51
1623841888882 -45.18499360794994 52
1623841907075 -94.09328731779631 53
1623841922932 -62.74495274779527 54
1623841941983 -83.73441008250967 55
1623841962446 -87.65062874391374 56
1623841980134 -62.60393283224024 57
1623841999866 -13.631689780727267 58
1623842018191 -105.37671415733139 59
1623842037881 -49.253544714088704 60
1623842054619 -94.16740943160501 61
1623842070745 -90.55368054507204 62
1623842087631 -67.75183183654187 63
1623842105773 -25.975255744065635 64
1623842125314 -106.38438398313069 65
1623842143053 -41.59700337857348 66
1623842161318 -92.16861280062327 67
1623842179083 -79.02811443271457 68
1623842197650 -75.59615098210763 69
1623842217062 -54.162737829936574 70
1623842236323 6.28657238641568 71
1623842254681 -89.16529168333958 72
1623842274789 -43.787686405537265 73
1623842293334 -63.697679188041164 74
1623842313307 -38.22145804875982 75
1623842332787 -35.302608047467025 76
1623842353094 -54.83079899460959 77
1623842373707 -52.97045781409694 78
1623842392236 -105.96757662123339 79
1623842412746 -78.14359553726493 80
1623842430933 -97.03710972420068 81
1623842451240 -25.800194814524787 82
1623842470972 -0.4252322138487699 83
1623842491024 -29.39137750001467 84
1623842511900 65.96779405108477 85
1623842532215 -37.376084006177976 86
1623842551722 -90.93302652039257 87
1623842569988 -18.06740900777546 88
1623842588317 -57.25601597666132 89
1623842608586 -65.58650262168696 90
1623842626282 -36.33610006242949 91
1623842645375 -94.07702246378581 92
1623842662605 -7.574193290070042 93
1623842681857 -59.55405626730936 94
1623842702289 -89.09036480377672 95
1623842719437 -87.52147904064012 96
1623842741095 -27.903332485544194 97
1623842762835 6.114828397146215 98
1623842786146 -37.846932009612274 99
1623842806582 -14.640367294945264 100
1623842828802 -49.11165809314706 101
1623842849098 -47.405394464042544 102
1623842872493 -83.21495494420425 103
1623842893308 -63.49998950476246 104
1623842915090 -60.390377167580525 105
1623842937510 -50.23780268642742 106
1623842957618 5.4273092917377825 107
1623842976256 -82.64308288809265 108
1623842994225 -105.46175947195707 109
1623843012072 -76.9524324224836 110
1623843030523 -48.51089876194091 111
1623843051346 -79.33042534527824 112
1623843070756 -56.282689417061555 113
1623843091165 41.92662013204806 114
1623843110436 -33.657548247334816 115
1623843129331 -72.1912490856262 116
1623843149923 -31.066271375758618 117
1623843169135 -40.9777356047359 118
1623843189267 -56.007341444382334 119
1623843208330 -81.760402308382 120
1623843228368 -90.92345261649601 121
1623843248379 -65.51966410616468 122
1623843269228 -98.31516595338704 123
1623843286904 -31.170788128858295 124
1623843307013 -37.60655875207778 125
1623843327920 -2.213738344352879 126
1623843348940 -52.799996518491284 127
1623843366494 -17.59874112301871 128
1623843384498 -24.26477126925292 129
1623843403825 -72.32730524003215 130
1623843423554 -7.118944407209182 131
1623843446100 -66.26305521030227 132
1623843466192 -14.434785865283041 133
1623843486746 -51.03364298742015 134
1623843510365 -92.11177624656484 135
1623843531425 -44.98583634510853 136
1623843552373 24.598122835247864 137
1623843571616 -10.092186615087423 138
1623843590978 -93.73391026642805 139
1623843612238 -1.509903808031447 140
1623843632912 -2.695328151254705 141
1623843655244 -36.05757572957272 142
1623843677972 -40.633380266429285 143
1623843698299 -69.65913334770664 144
1623843718615 -100.86714653501966 145
1623843736999 -46.30143494295538 146
1623843755033 -62.38798588726436 147
1623843772689 -7.109378765213529 148
1623843793480 -50.617911264441986 149
1623843814443 -16.709236431090222 150
1623843832917 -69.16405305026834 151
1623843853232 -39.513408624194554 152
1623843874163 -61.053208766316445 153
1623843893009 -114.00179902798018 154
1623843913429 -9.512402178200523 155
1623843934154 -57.549066114986296 156
1623843953639 -104.14559032774389 157
1623843972715 -59.66232879149861 158
1623843994044 -84.90086570109395 159
1623844014628 -55.91219859386713 160
1623844034838 -94.2298647935263 161
1623844054072 -14.857963184027232 162
1623844076018 39.07977423893756 163
1623844100088 -28.345991738536146 164
1623844118630 -27.704919042229808 165
1623844140148 -22.423196774600548 166
1623844160407 -52.750709427436036 167
1623844180184 -50.6244907955162 168
1623844200720 -37.73412360734162 169
1623844219964 -61.91645235614097 170
1623844239012 -49.626730568427554 171
1623844256000 -23.553531447034192 172
1623844274891 -30.778103694060974 173
1623844297442 7.70458157835813 174
1623844321131 -53.87167054509466 175
1623844344050 -120.90198927343434 176
1623844366703 -66.97012588718862 177
1623844390670 -35.5804139213152 178
1623844412824 71.60396360197113 179
1623844432743 -46.85954913414135 180
1623844451513 -6.640588337347879 181
1623844472136 -77.06782403705493 182
1623844494498 -37.50618327054447 183
1623844515329 -70.78813022478295 184
1623844534260 -86.55751188469216 185
1623844553323 -71.04077508356602 186
1623844576108 23.371409561468077 187
1623844600848 -63.426022992878735 188
1623844625707 -6.861594678692723 189
1623844647627 -68.21985373987067 190
1623844672249 -43.45831365893453 191
1623844696390 -2.4139081737911994 192
1623844718490 -14.38893683104105 193
1623844744395 3.7100354122531995 194
1623844764894 -109.84598540909073 195
1623844786631 -96.4636097855244 196
1623844808196 -25.336013580761993 197
1623844829322 -45.24591132799553 198
1623844849006 -69.2017136429789 199
1623844870770 -61.5389525148884 200
1623844896835 -25.281453112157127 201
1623844918664 -87.9560123433983 202
1623844939806 -20.135520964013757 203
1623844959471 -65.32470383123189 204
1623844978230 -14.399252641663097 205
1623844997862 -43.800081733844394 206
1623845018195 -44.24402579741769 207
1623845036960 -41.76986471923574 208
1623845056078 -3.4566744573480874 209
1623845078372 -65.62738962683117 210
1623845097902 -94.26752460196924 211
1623845118563 23.58304533764589 212
1623845138810 -78.99405495554856 213
1623845160228 -14.06430332768278 214
1623845179642 -90.07851862012663 215
1623845201135 19.04471838738898 216
1623845222713 -46.34875044719393 217
1623845241570 -67.50040161460376 218
1623845264946 6.284368603657731 219
1623845284541 -81.88026221136556 220
1623845306019 -83.57916441213357 221
1623845330098 -107.81339683490987 222
1623845354203 41.434771958881775 223
1623845376162 -40.682973440764016 224
1623845399121 2.953711366781127 225
1623845419265 -65.55223362851955 226
1623845439776 -24.084537712163822 227
1623845461676 -23.613702708818927 228
1623845485951 -9.414076327501078 229
1623845509563 34.19288111348942 230
1623845532090 -74.58238173369402 231
1623845552924 -67.74441139251553 232
1623845575329 -19.153008797083437 233
1623845596464 -8.904156181828943 234
1623845619431 -39.1783613274628 235
1623845638376 -5.524916120110367 236
1623845659845 -13.852171908040905 237
1623845681734 -0.5576891028518645 238
1623845701350 -44.88488846730563 239
1623845723065 2.1846663930512706 240
1623845747124 34.25728957871978 241
1623845768121 -48.32718306462639 242
1623845788056 -41.843002725133545 243
1623845810172 -44.27544479968927 244
1623845829695 -79.62516605178199 245
1623845851801 44.580144746389664 246
1623845872468 -101.87652262918223 247
1623845894748 -45.25598429355082 248
1623845919889 58.29327017130292 249
1623845944402 17.462716631808647 250
1623845968297 -45.49075512790415 251
1623845992833 -33.848542691400404 252
1623846013906 -19.53664687846809 253
1623846037325 61.63487142988441 254
1623846061688 -32.74729034055818 255
1623846083245 -46.183893878016285 256
1623846110628 12.94389844276456 257
1623846132683 4.027935598535575 258
1623846154692 -99.61412231148752 259
1623846174441 -52.71903453354753 260
1623846201294 -9.554874607123235 261
1623846222953 -55.64094364383935 262
1623846245226 -27.56823724599473 263
1623846269602 -11.498009197337842 264
1623846290707 -75.56174675118756 265
1623846311166 -55.375425381798266 266
1623846331452 -17.333229106450982 267
1623846354834 -29.609442559223396 268
1623846376714 -76.65577093076917 269
1623846401881 10.330057456078782 270
1623846429410 -8.107632401365219 271
1623846455708 35.89309681013164 272
1623846482249 35.88628754053748 273
1623846504348 3.6321196088689987 274
1623846524750 -84.78262549248211 275
1623846560241 88.90448258098695 276
1623846581007 -144.55157081144011 277
1623846603312 -74.50934027184988 278
1623846622686 -85.1426931736021 279
1623846643743 -12.030818493171198 280
1623846665289 -87.00211008002904 281
1623846684900 -45.655387570414646 282
1623846705902 -60.50497452943672 283
1623846725449 -69.71855201311033 284
1623846743775 -63.16481138649876 285
1623846762300 -76.43738864577789 286
1623846781278 -24.20381009489797 287
1623846801627 -102.63764587449641 288
1623846822530 -67.67487120645255 289
1623846842595 -85.8660011423267 290
1623846862553 -47.354430332827704 291
1623846883158 -60.770250510720174 292
1623846903161 -61.71013365266474 293
1623846923290 -25.36073063602038 294
1623846944809 -35.72207691472382 295
1623846966633 -17.71972430714763 296
1623846989171 -10.601391485207031 297
1623847008604 -72.58936288662827 298
1623847028314 -53.22882453443856 299
1623847053422 -1.1885555781224013 300
1623847076025 3.456726040737709 301
1623847098380 -49.97267708843209 302
1623847119727 -36.608350495849976 303
1623847141941 25.953278745518958 304
1623847167422 14.58584705264364 305
1623847188508 -81.73877551919452 306
1623847209257 -35.48584972878818 307
1623847231337 -51.10858176052083 308
1623847255943 6.865021013689545 309
1623847277137 -34.53006173226542 310
1623847300019 -27.098379610204624 311
1623847319575 -42.528567184081645 312
1623847340217 -57.3211340221402 313
1623847359777 -64.81671575158944 314
1623847377966 -21.805714507066465 315
1623847399245 -7.650407094047924 316
1623847421157 8.809547912615438 317
1623847443681 -30.95326439382789 318
1623847469815 -16.542953491057084 319
1623847493800 -17.374354132999596 320
1623847516337 -2.4039167421051983 321
1623847544413 24.00533691883142 322
1623847570578 58.54084710762804 323
1623847590640 -104.5815739142007 324
1623847615200 -32.840401877490955 325
1623847644614 -21.944925828870986 326
1623847668430 14.502646139820104 327
1623847693227 -3.8404372591055704 328
1623847717181 28.23224528882532 329
1623847744221 123.52669674550748 330
1623847774798 54.61316910415085 331
1623847797695 2.0609767534433674 332
1623847817863 -20.61017094820351 333
1623847840561 -26.004218269532924 334
1623847864253 -8.837366572075917 335
1623847885994 -62.308999744014024 336
1623847904917 -43.703426162209034 337
1623847925685 -46.88200091663632 338
1623847948662 -31.522433103495484 339
1623847970653 -68.93721475497237 340
1623847989648 62.0674307213089 341
1623848009487 -21.08768516750911 342
1623848027937 -59.01386761218826 343
1623848047235 -43.18656695390244 344
1623848068179 -30.270303926927845 345
1623848091532 -27.06990362503463 346
1623848112511 -45.83249150409728 347
1623848131777 -89.17331402420332 348
1623848154558 -76.32933045906925 349
1623848174239 -38.616097714914375 350
1623848199270 -57.05613903785532 351
1623848220377 -15.041876483372812 352
1623848249265 28.857581747004854 353
1623848271587 -37.45298669269978 354
1623848294828 -10.622995342249249 355
1623848321746 27.057410051220085 356
1623848341702 16.395034529358337 357
1623848364308 -25.684939248328437 358
1623848385955 -83.23217085367196 359
1623848408677 -85.37428019575923 360
1623848437921 6.438101739143306 361
1623848459690 -86.63815350151025 362
1623848484861 10.892853141893236 363
1623848507083 15.631371380064545 364
1623848529574 -51.28209107464179 365
1623848550319 -12.186417666615327 366
1623848569555 -84.91032634839746 367
1623848588428 -31.74562771834177 368
1623848608139 -78.97800319046141 369
1623848625192 -86.73095400728546 370
1623848642788 -43.82049772378855 371
1623848664262 24.232721234290715 372
1623848683995 -81.51994378574219 373
1623848708356 26.500344643224018 374
1623848732329 45.76615480274798 375
1623848757615 0.2679654244279419 376
1623848777489 -87.72562743508085 377
1623848799224 -35.72744700041456 378
1623848822760 45.902511397342415 379
1623848842571 -29.88793662550927 380
1623848866417 -29.47874942030535 381
1623848886302 -62.676311614054995 382
1623848906848 -110.58255379493468 383
1623848926222 -69.42933560500494 384
1623848956704 87.12076349109415 385
1623848980594 6.092550809006599 386
1623849006359 -30.690345158018214 387
1623849032684 -23.46146748087477 388
1623849059312 34.74651469704292 389
1623849085921 -53.887095344640024 390
1623849107602 -15.207720761023447 391
1623849130390 -39.996960899934294 392
1623849160327 60.66457290887399 393
1623849186615 25.417798725174606 394
1623849213351 -53.81747756368195 395
1623849240629 5.641632816200047 396
1623849262920 -95.19164454082127 397
1623849285781 -67.79930132748282 398
1623849312684 90.14224338083459 399
