1623840978895 -2073.1171365675955 0
1623841008599 -881.9661404240485 1
1623841032866 -1042.4421382095147 2
1623841054558 -714.6125143466628 3
1623841074012 -615.2215409852168 4
1623841090691 -655.3385023480903 5
1623841109561 -615.5578250313865 6
1623841126120 -544.71231727631 7
1623841141116 -522.5559802244461 8
1623841158169 -758.6168292554131 9
1623841174748 -608.5004239745142 10
1623841193941 -963.9671553797825 11
1623841212119 -771.0082152498874 12
1623841228041 -687.17575408062 13
1623841246117 -1088.1717053216403 14
1623841265420 -685.9303063624384 15
1623841279711 -394.789687874299 16
1623841294071 -328.39035753662324 17
1623841310214 -474.8579457201977 18
1623841325580 -676.8640851646672 19
1623841342776 -553.5074790007739 20
1623841358946 -823.7075773034051 21
1623841377686 -889.094902855379 22
1623841395226 -1096.835315684502 23
1623841411473 -383.5502379431176 24
1623841426808 -544.0709799982408 25
1623841442233 -382.321578240255 26
1623841460150 -782.2106971322295 27
1623841478430 -508.8281841136762 28
1623841495575 -512.4505042877191 29
1623841512841 -305.11687380969477 30
1623841528307 -540.8823919426577 31
1623841545804 -1630.2801693663869 32
1623841562953 -393.9327062867188 33
1623841579854 -375.97312344476256 34
1623841595016 -490.65815527900725 35
1623841613200 -291.90641504517595 36
1623841629241 -455.41583998504757 37
1623841647309 -181.45838270388526 38
1623841665924 -376.3218251304411 39
1623841681923 -503.7625781565119 40
1623841696652 -507.06061685973145 41
1623841713305 -610.1832453930143 42
1623841730612 -709.6696664357002 43
1623841746348 -1049.920570877915 44
1623841763717 -1288.4195162747224 45
1623841783729 -596.1986588618614 46
1623841801431 -676.3463042653923 47
1623841817565 -702.4555563437794 48
1623841835628 -481.9997591344434 49
1623841853237 -434.2127788878828 50
1623841870839 -678.328894461671 51
1623841888839 -786.849835822918 52
1623841907034 -512.8186356046297 53
1623841922892 -419.2576637318365 54
1623841941943 -686.2400379401679 55
1623841962405 -729.1383998495851 56
1623841980092 -666.4741375015803 57
1623841999824 -710.8781123189203 58
1623842018147 -563.8258999952561 59
1623842037841 -922.4406277879986 60
1623842054578 -437.4814302246249 61
1623842070704 -248.39228873550672 62
1623842087591 -697.1860553851345 63
1623842105733 -489.1024957297421 64
1623842125268 -795.7872542514093 65
1623842143012 -380.36369699617796 66
1623842161278 -208.0192495601156 67
1623842179041 -507.52480254936097 68
1623842197609 -182.65112339909825 69
1623842217012 -405.1161085191585 70
1623842236283 -187.19429870481687 71
1623842254639 -430.1943292993953 72
1623842274748 -682.6922232670057 73
1623842293292 -203.6516959762833 74
1623842313265 -662.0144360029695 75
1623842332747 -132.16723547659745 76
1623842353052 -462.78747607449515 77
1623842373665 -551.3217211910285 78
1623842392195 -557.2054371829547 79
1623842412703 -506.79543692541074 80
1623842430892 -290.9999944142286 81
1623842451198 -1347.988966528898 82
1623842470928 -710.2057083860724 83
1623842490982 -761.2762833552537 84
1623842511856 -786.6561560105677 85
1623842532174 -243.06269286620005 86
1623842551680 -278.26005472440255 87
1623842569945 -235.42439322393216 88
1623842588274 -434.1800303261737 89
1623842608542 -614.665581641276 90
1623842626239 -551.730829438157 91
1623842645335 -724.1861953820635 92
1623842662563 -716.9629435729145 93
1623842681817 -570.2060108709145 94
1623842702247 -663.0095857485494 95
1623842719396 -371.84507007174363 96
1623842741055 -1343.1967336179537 97
1623842762794 -755.158909193882 98
1623842786104 -959.8555346674211 99
1623842806542 -534.8651117239372 100
1623842828762 -650.0187588196429 101
1623842849056 -272.12633192826286 102
1623842872451 -875.6830669782772 103
1623842893264 -749.9684922835955 104
1623842915050 -622.1973981101507 105
1623842937468 -930.2436821573203 106
1623842957576 -509.9534087163609 107
1623842976214 -991.3917327210893 108
1623842994182 -487.2320333806283 109
1623843012028 -574.8445062947275 110
1623843030480 -218.22763248637102 111
1623843051304 -870.3264693934427 112
1623843070714 -740.0197723768895 113
1623843091125 -343.88988694957334 114
1623843110391 -934.1638052981582 115
1623843129288 -226.58821621076518 116
1623843149881 -732.19817752662 117
1623843169094 -351.43009120626914 118
1623843189223 -494.8177887645012 119
1623843208283 -443.2448097376753 120
1623843228327 -379.15107528413427 121
1623843248334 -510.12279827449663 122
1623843269186 -730.0269802130782 123
1623843286862 -471.08814993766646 124
1623843306970 -522.530220849736 125
1623843327876 -755.3568492361757 126
1623843348897 -522.6007115274051 127
1623843366452 -486.1332637189902 128
1623843384456 -267.3562490056057 129
1623843403782 -651.2169584001788 130
1623843423509 -773.0866865063923 131
1623843446057 -1372.8514970601334 132
1623843466149 -737.7007872416846 133
1623843486701 -504.11006230876393 134
1623843510319 -685.8255290099531 135
1623843531382 -790.1089956974649 136
1623843552327 -540.7959356977406 137
1623843571574 -538.0646167134294 138
1623843590934 -531.2403336080998 139
1623843612195 -554.0395627609452 140
1623843632868 -538.5893736829169 141
1623843655198 -724.5259637095085 142
1623843677928 -434.7552310497857 143
1623843698256 -731.6045836640944 144
1623843718571 -518.9766271166843 145
1623843736955 -228.73710855215003 146
1623843754989 -172.66762017318155 147
1623843772647 -212.67038356434583 148
1623843793436 -659.0276409729435 149
1623843814399 -338.9512114178283 150
1623843832875 -493.17708441848225 151
1623843853189 -1298.1883784110055 152
1623843874120 -327.71917380976936 153
1623843892966 -527.5439274649328 154
1623843913385 -176.47667152871213 155
1623843934109 -1025.7460213698396 156
1623843953595 -355.9283037834919 157
1623843972669 -382.31616767838347 158
1623843994002 -443.44727475561706 159
1623844014583 -523.1564997080643 160
1623844034796 -562.8577434722408 161
1623844054030 -559.1124459748983 162
1623844075972 -169.1664019453407 163
1623844100045 -684.3189200391577 164
1623844118586 -781.3458441290667 165
1623844140103 -483.75263317575275 166
1623844160363 -277.86264559417884 167
1623844180138 -661.387614263855 168
1623844200673 -161.25731039172882 169
1623844219920 -484.87907656438546 170
1623844238970 -245.09684255235925 171
1623844255956 -414.5684899097558 172
1623844274848 -482.1270985425648 173
1623844297399 -417.30289397060494 174
1623844321084 -682.8241688742867 175
1623844344005 -738.3943914558328 176
1623844366658 -365.07055488590265 177
1623844390623 -790.0145424264254 178
1623844412779 -679.7494639075338 179
1623844432699 -852.6272965502689 180
1623844451470 -462.67835222635694 181
1623844472091 -414.088823389969 182
1623844494454 -445.04374945862185 183
1623844515283 -610.665986476258 184
1623844534216 -516.2967216700896 185
1623844553279 -282.864760570572 186
1623844576065 -616.2680988113735 187
1623844600801 -359.73742397595413 188
1623844625662 -468.9490407191491 189
1623844647582 -661.572330005539 190
1623844672204 -674.2818517586787 191
1623844696346 -575.3688499052412 192
1623844718447 -653.4808066351264 193
1623844744353 -917.1653190657795 194
1623844764849 -427.07285766424957 195
1623844786586 -715.6918317926828 196
1623844808152 -483.4183927551074 197
1623844829277 -603.7483985522585 198
1623844848961 -514.5533114993634 199
1623844870725 -370.3136910209098 200
1623844896791 -632.3842538923388 201
1623844918619 -388.0621115239354 202
1623844939760 -586.6461441938293 203
1623844959424 -577.0884075307303 204
1623844978186 -522.8959089695821 205
1623844997819 -865.3113903742202 206
1623845018152 -459.39553013049255 207
1623845036915 -476.4798177913394 208
1623845056034 -393.65663359520113 209
1623845078327 -483.97372883943734 210
1623845097857 -400.0488457373895 211
1623845118518 -500.8266388669307 212
1623845138764 -231.76293761581647 213
1623845160181 -213.04075274142173 214
1623845179596 -662.3866743274033 215
1623845201087 -499.6506989306846 216
1623845222668 -538.6534344208733 217
1623845241524 -490.00073091192615 218
1623845264902 -676.4675644816008 219
1623845284497 -509.81189077583497 220
1623845305974 -491.1881253104901 221
1623845330052 -806.8585172580031 222
1623845354157 -352.0588117528273 223
1623845376118 -435.4933429355633 224
1623845399076 -582.7243751772995 225
1623845419221 -570.4336094228522 226
1623845439730 -641.9961234195589 227
1623845461629 -491.19529062719414 228
1623845485902 -891.2557419727913 229
1623845509518 -349.49563313183137 230
1623845532041 -655.0399802399318 231
1623845552880 -265.00855402524957 232
1623845575283 -503.283547307006 233
1623845596418 -464.04864097195014 234
1623845619383 -577.999818574435 235
1623845638328 -543.9829066373723 236
1623845659798 -182.3159988884919 237
1623845681683 -714.0611628719768 238
1623845701303 -343.2106973174322 239
1623845723019 -156.6722025521623 240
1623845747078 -690.0000401687154 241
1623845768074 -165.44507639227817 242
1623845788008 -510.5492142250215 243
1623845810125 -577.5696676030705 244
1623845829648 -560.6320467167548 245
1623845851755 -644.8425095831075 246
1623845872422 -694.54065283882 247
1623845894700 -591.4873789166852 248
1623845919840 -309.9884243709548 249
1623845944356 -522.719894638248 250
1623845968249 -279.8965171353557 251
1623845992786 -303.20317738234587 252
1623846013860 -524.663075779832 253
1623846037279 -192.82239748540258 254
1623846061643 -622.3336779544193 255
1623846083199 -631.8686154196125 256
1623846110581 -497.4194131407482 257
1623846132636 -242.36496974177925 258
1623846154647 -221.564882135686 259
1623846174393 -487.864850202562 260
1623846201246 -178.37739602643893 261
1623846222907 -543.6755922613347 262
1623846245179 -268.9791768972274 263
1623846269555 -231.4387279094413 264
1623846290660 -799.9117436002757 265
1623846311117 -635.7291224593118 266
1623846331406 -665.0169217935303 267
1623846354785 -705.2532638383143 268
1623846376667 -625.403612258259 269
1623846401834 -398.7057795617176 270
1623846429364 -711.4845322045257 271
1623846455660 -601.930886489917 272
1623846482198 -328.63587989477674 273
1623846504297 -321.42005572534816 274
1623846524703 -585.7044688440412 275
1623846560192 -575.6143605944314 276
1623846580960 -662.1598566790592 277
1623846603265 -525.2424679796363 278
1623846622639 -610.0227711930111 279
1623846643697 -635.5617039529777 280
1623846665242 -557.0387977124316 281
1623846684852 -208.2252513999333 282
1623846705855 -684.6074829746294 283
1623846725401 -493.01969709521217 284
1623846743726 -419.60627349250024 285
1623846762252 -430.30705157641495 286
1623846781230 -125.78485580231052 287
1623846801580 -598.8171238443814 288
1623846822478 -902.2777319335601 289
1623846842545 -189.52612860980483 290
1623846862504 -123.03633460052474 291
1623846883111 -374.33053661915767 292
1623846903113 -279.4640747967447 293
1623846923242 -538.2048871102531 294
1623846944762 -759.1375642197714 295
1623846966585 -610.5215435490429 296
1623846989123 -472.6836581929474 297
1623847008554 -526.7398509756442 298
1623847028266 -544.7540622251654 299
1623847053373 -495.2711348748452 300
1623847075975 -238.68260091265597 301
1623847098333 -550.7858489539667 302
1623847119676 -841.0080935880578 303
1623847141895 -539.9967723873913 304
1623847167374 -597.1349419130927 305
1623847188461 -444.5103949438729 306
1623847209208 -661.5403978122414 307
1623847231286 -604.5829543634167 308
1623847255894 -461.4841530512678 309
1623847277088 -512.1724419934651 310
1623847299969 -600.0508345446324 311
1623847319528 -127.22030091675849 312
1623847340171 -628.6244781697587 313
1623847359731 -243.06429275957424 314
1623847377919 -501.0473629332304 315
1623847399201 -1344.8613102617892 316
1623847421111 -1809.5684952661745 317
1623847443634 -180.71975448263032 318
1623847469768 -388.85454762011824 319
1623847493753 -242.8694923039593 320
1623847516287 -455.5611639967086 321
1623847544365 -575.9212722679521 322
1623847570529 -507.9703720371199 323
1623847590593 -292.91422686088197 324
1623847615150 -590.6685118977227 325
1623847644565 -393.17487688283063 326
1623847668381 -210.4119447366582 327
1623847693178 -289.335976296565 328
1623847717133 -804.6787742550092 329
1623847744175 -401.62568421092743 330
1623847774752 -590.0184315082932 331
1623847797649 -302.9875446361375 332
1623847817815 -535.012409938513 333
1623847840515 -628.1321996900422 334
1623847864207 -510.57950164537505 335
1623847885944 -343.37054531660954 336
1623847904867 -531.3532048950103 337
1623847925636 -622.1085353176197 338
1623847948614 -572.1809351324634 339
1623847970605 -565.9082724933666 340
1623847989602 -313.1900489112263 341
1623848009440 -288.43794938525053 342
1623848027891 -288.2602807474124 343
1623848047187 -555.7941504026174 344
1623848068131 -433.0320142844622 345
1623848091484 -531.849010791626 346
1623848112465 -522.423716935172 347
1623848131724 -363.90564281289676 348
1623848154507 -615.4085219578327 349
1623848174191 -444.0687761967476 350
1623848199223 -797.1763606767563 351
1623848220330 -318.572100437354 352
1623848249217 -587.2869607879959 353
1623848271540 -553.8315432582597 354
1623848294781 -490.6756077529615 355
1623848321699 -533.0348039749204 356
1623848341655 -322.55245531853154 357
1623848364261 -768.0400902626483 358
1623848385907 -558.6664055543063 359
1623848408630 -257.6752899651594 360
1623848437871 -680.9672203270538 361
1623848459643 -334.1713261281958 362
1623848484811 -705.6446724188154 363
1623848507035 -276.5224577049747 364
1623848529523 -194.3786173403215 365
1623848550271 -530.8730138294021 366
1623848569508 -284.30522276231767 367
1623848588382 -655.5831123004962 368
1623848608090 -562.9658636466543 369
1623848625144 -343.06630112280845 370
1623848642739 -516.631116935128 371
1623848664215 -451.3654853842647 372
1623848683947 -360.37206268846774 373
1623848708309 -579.7631475514808 374
1623848732280 -314.61559253753546 375
1623848757567 -604.1259071909899 376
1623848777441 -535.5686558984256 377
1623848799176 -590.3401493705512 378
1623848822711 -747.1360269506952 379
1623848842522 -505.6422576046465 380
1623848866366 -804.1209894346775 381
1623848886251 -211.31326825640448 382
1623848906798 -517.3849864546003 383
1623848926170 -387.3156308626228 384
1623848956654 -664.791052736274 385
1623848980545 -675.2592680420943 386
1623849006310 -164.755354647441 387
1623849032635 -315.25965552557807 388
1623849059262 -346.6484754894809 389
1623849085871 -502.80436228160636 390
1623849107552 -477.889536459472 391
1623849130339 -500.2536554240194 392
1623849160278 -475.95587347068596 393
1623849186568 -433.00793777356114 394
1623849213301 -497.8428886806817 395
1623849240580 -509.5535318404656 396
1623849262872 -685.1749779582505 397
1623849285733 -645.8795322945938 398
1623849312633 -414.0843792980624 399
