1623761182230 -563.4671689292053 0
1623761216213 -305.8430756559467 1
1623761245072 -183.00287923909036 2
1623761265274 -129.63343763222704 3
1623761283403 -141.24923846200542 4
1623761303781 -155.38694343785087 5
1623761322289 -147.37762124227788 6
1623761344988 -134.14216928728152 7
1623761366165 -139.4120265921369 8
1623761386104 -143.70591479409887 9
1623761402010 -123.99319237402135 10
1623761420267 -97.52604147441674 11
1623761435553 -121.69618846130537 12
1623761454986 -138.30024668234498 13
1623761476969 -105.78343402629005 14
1623761496815 -145.67798694931574 15
1623761517311 -127.00614399692512 16
1623761537767 -140.06705079201734 17
1623761557014 -134.33394736883974 18
1623761579924 -108.43424962134556 19
1623761600173 -110.60810602985678 20
1623761617947 -134.47109193212535 21
1623761638881 -92.20448459566012 22
1623761658871 -112.60541388864038 23
1623761678456 -114.71923496461173 24
1623761701531 -116.42142849915403 25
1623761723487 -120.15901347111122 26
1623761744161 -97.27806902700252 27
1623761764999 -99.09787605677325 28
1623761788898 -100.78118181626955 29
1623761809700 -67.85541427258133 30
1623761830024 -72.41349336096128 31
1623761853626 -118.1362416886601 32
1623761878354 -131.03004913928575 33
1623761902618 -75.8910785855596 34
1623761922838 -112.27162091089738 35
1623761943854 -102.18094420586371 36
1623761963855 -120.92522106763428 37
1623761983930 -105.0656135740884 38
1623762006717 -69.50121259215567 39
1623762029848 -133.36304523132168 40
1623762053192 -110.57348856483424 41
1623762076834 -86.50589120520257 42
1623762098854 -34.29180649102756 43
1623762124152 -92.45969721486344 44
1623762158055 -63.97690747418368 45
1623762186760 -124.89317271751108 46
1623762212705 -86.04420760425492 47
1623762236362 -67.49920524943063 48
1623762263445 -83.97138096109795 49
1623762287394 -62.51474068619847 50
1623762308943 -64.97465879544069 51
1623762339227 -66.0241664019824 52
1623762369570 -43.225537832898524 53
1623762394982 -143.34414248610926 54
1623762417800 -107.71187386188599 55
1623762438869 -102.06434772882068 56
1623762467370 -98.57811377066747 57
1623762490338 -95.15039949431893 58
1623762515725 -126.99574491336212 59
1623762537441 -93.45546535393778 60
1623762561992 -152.2632007556636 61
1623762583933 -99.93021929877358 62
1623762607867 -162.65644985495294 63
1623762630312 -118.89184496001326 64
1623762652474 -78.704912929294 65
1623762672820 -76.34766565892392 66
1623762697048 -122.58800487728868 67
1623762717967 -96.98979338256841 68
1623762740624 -67.61287827342268 69
1623762760076 -103.3038601067271 70
1623762782129 -124.6712603957781 71
1623762802130 -104.37405513154563 72
1623762824562 -99.79710476142176 73
1623762845405 -68.16406245831902 74
1623762870991 -98.82906288837393 75
1623762894163 -108.84494241295269 76
1623762917484 -101.594340246584 77
1623762939486 -74.15137304958279 78
1623762962052 -56.04380956748618 79
1623762987183 -77.63868391864504 80
1623763008504 -86.75536885420024 81
1623763030271 -115.62917780511232 82
1623763049172 -98.67266062101731 83
1623763071125 -115.85433600919528 84
1623763091199 -98.77864722035294 85
1623763112223 -120.14002532043236 86
1623763135170 -125.1503164518435 87
1623763154982 -102.32607792423893 88
1623763174992 -107.55666045989709 89
1623763196041 -81.49864656521382 90
1623763219636 -55.74297835341113 91
1623763242542 -63.21673561234448 92
1623763268085 -88.67989218444977 93
1623763292772 -104.99452641781714 94
1623763317992 -77.23060470535225 95
1623763340750 -67.17978503722378 96
1623763361434 -89.75267653128287 97
1623763387545 -85.27126363734429 98
1623763410046 -80.09152787226002 99
1623763439318 -82.42767532434824 100
1623763463414 -57.26640121608943 101
1623763483120 -46.53031139819885 102
1623763510399 -38.61682102433917 103
1623763534805 -38.68550759157658 104
1623763560355 -56.952808951677625 105
1623763585739 -59.49489592547212 106
1623763612112 -53.02585119139355 107
1623763644316 -58.06608709310128 108
1623763670095 -48.95740350177853 109
1623763707262 -31.57948315653233 110
1623763758900 -12.685819491201805 111
1623763797177 -54.16991868807353 112
1623763831726 -71.8397627985196 113
1623763858669 -119.94283777597879 114
1623763893166 -35.672130188706184 115
1623763933182 -49.732388665248436 116
1623763963224 -62.32675197787864 117
1623763988077 -118.32937809879517 118
1623764017035 -53.12505561793616 119
1623764045547 -50.05840280467371 120
1623764072603 -100.05877926548492 121
1623764100550 -84.2482924954967 122
1623764124722 -91.64190912005091 123
1623764149462 -64.11816380739837 124
1623764175060 -55.77379168856887 125
1623764206879 -43.672832525474405 126
1623764235390 -29.91317721400656 127
1623764263675 -75.01049854735747 128
1623764299727 -32.878533516194004 129
1623764326560 -44.46242388073021 130
1623764352333 -76.3433705511278 131
1623764381920 -104.45628010264987 132
1623764405928 -46.81131883781731 133
1623764438487 -57.11325188840309 134
1623764465392 -82.54198543804704 135
1623764493117 -65.80788547186816 136
1623764520340 -39.57470748639721 137
1623764548940 -73.72243607521665 138
1623764574514 -119.30205704924698 139
1623764604325 -75.21402246754771 140
1623764637324 -82.66745266823577 141
1623764677636 -41.37494818258082 142
1623764705956 -100.22469846749445 143
1623764733688 -93.38409489528 144
1623764761831 -64.22664802173023 145
1623764803989 -24.597093025352862 146
1623764859627 -29.532597562280507 147
1623764906658 -51.543174100778444 148
1623764932160 -13.900059073293853 149
1623764958469 -69.07932579300096 150
1623764988207 -42.312042277055234 151
1623765015303 -66.81442902887788 152
1623765044011 -38.98258890650265 153
1623765069016 -56.54838714434934 154
1623765099566 -51.87948502867023 155
1623765135388 -22.094552027883065 156
1623765174705 -19.14777768984088 157
1623765217809 60.42517524508682 158
1623765250070 -11.949275688362173 159
1623765292382 -30.099580848299567 160
1623765336560 9.810766599600036 161
1623765378991 6.924789896420343 162
1623765414122 -104.1002086406118 163
1623765466016 -14.280738171708684 164
1623765500098 -43.23328806112076 165
1623765531598 -76.39691305018101 166
1623765568142 -34.60906209283619 167
1623765594321 -94.48562406994701 168
1623765629022 -44.220765462185994 169
1623765660709 -39.764405619550146 170
1623765695552 -56.74127412076492 171
1623765724569 -35.61782046047671 172
1623765759992 -71.47954116757063 173
1623765802255 -24.713125552616862 174
1623765832601 -55.665464016700824 175
1623765864237 -65.91592886338952 176
1623765890083 -46.7011129146162 177
1623765916157 -75.76098861984748 178
1623765952789 -11.841508327758726 179
1623765978285 -39.30821007391597 180
1623766009593 -52.13303208382598 181
1623766038016 -50.67259548077769 182
1623766080229 -32.89854675352815 183
1623766109541 -57.263300332875104 184
1623766150853 -46.516315884603465 185
1623766205397 -3.030388572584485 186
1623766260855 -38.64333924251281 187
1623766297681 -44.431282903026094 188
1623766344122 -44.7130685829849 189
1623766371520 -75.49155621994133 190
1623766399153 -40.76623855375242 191
1623766451865 2.6027316836882695 192
1623766497446 -60.869792028502125 193
1623766536182 -79.82692577773759 194
1623766569876 -50.115369022514834 195
1623766617719 -14.038693762464284 196
1623766698041 56.49634149200967 197
1623766743435 14.72689039459299 198
1623766799175 -59.071010080555915 199
1623766854582 -41.234877751050746 200
1623766904393 -46.90759229802212 201
1623766960742 -41.48229959752968 202
1623767001283 -34.483699130073674 203
1623767053110 -44.591298111925 204
1623767082240 -112.6609098319529 205
1623767113644 -55.9569970071165 206
1623767164885 -21.02231855249836 207
1623767204049 -36.87683813215878 208
1623767257365 -46.31519332151118 209
1623767300546 -49.262778011474275 210
1623767357993 -37.290834461331336 211
1623767409351 -23.662581307717616 212
1623767469311 -18.107652505512732 213
1623767508737 -67.12746437518402 214
1623767551872 -35.77745091783659 215
1623767578489 -46.35533020584773 216
1623767609931 -79.77727725932357 217
1623767652625 -90.48167427413047 218
1623767677830 -78.84121594919964 219
1623767721069 -72.36892616836616 220
1623767766765 -14.0865695703649 221
1623767799313 -65.65757292835656 222
1623767844720 -79.4993129949046 223
1623767875947 -73.66717790251674 224
1623767920139 -7.77210113729428 225
1623767969108 -12.142428660860812 226
1623768024073 2.3526655468218065 227
1623768058929 -68.84877847405414 228
1623768110916 -67.64196083358033 229
1623768177571 2.618268311703766 230
1623768214338 -55.203236799743706 231
1623768241040 -64.45406177692276 232
1623768273227 -82.71508808673234 233
1623768306310 -60.47323392247264 234
1623768353726 -40.89970037903745 235
1623768386833 -72.8860521317812 236
1623768436372 -23.884879828685303 237
1623768471361 -40.361684625853954 238
1623768510316 -38.9830885655589 239
1623768541878 -51.49052743640018 240
1623768569562 -103.45852128942006 241
1623768612716 -68.39256879947023 242
1623768668875 -39.73086320673024 243
1623768714919 68.14877508566143 244
1623768742179 -19.542496373443942 245
1623768796927 -13.320762852754285 246
1623768830247 -2.1852268370053607 247
1623768860087 -34.85225730489548 248
1623768893247 -12.15967557173594 249
1623768933924 -18.396281457491757 250
1623768992626 -0.6594600696161729 251
1623769021635 -16.613853409714306 252
1623769056893 -38.86960170207425 253
1623769095733 -59.77177405474894 254
1623769138521 -37.09563596357529 255
1623769161393 -111.72676906297535 256
1623769193248 -68.26822099343146 257
1623769231755 -92.33927731597889 258
1623769264351 -48.478545260519326 259
1623769311089 -35.94472187466081 260
1623769365600 -9.303499137756724 261
1623769392630 -42.08191541041043 262
1623769422996 -62.42976662284241 263
1623769452506 -79.03077192817858 264
1623769491902 -43.49642126491901 265
1623769528572 -92.29659422210867 266
1623769564777 -2.8437425706814725 267
1623769591355 -60.23025693163179 268
1623769626305 -46.1264372939146 269
1623769663932 -60.41543503102087 270
1623769702885 -64.32069049368836 271
1623769739476 -40.02134560625797 272
1623769777115 -42.44791159121064 273
1623769820127 -66.98123486070405 274
1623769860267 -87.34230015438943 275
1623769944440 43.113270229265865 276
1623769978737 -37.19791739100719 277
1623770031127 -44.28597620787452 278
1623770064726 -48.69696798403035 279
1623770088145 -89.2476318486704 280
1623770147316 -29.72788591626579 281
1623770201093 -27.564806450832666 282
1623770257799 -14.213111155432609 283
1623770313281 -29.638166500354163 284
1623770354626 -81.55568091850111 285
1623770396758 -15.793458423897908 286
1623770427670 -67.62602194829302 287
1623770473913 -19.86321326989232 288
1623770509715 -55.76023614042723 289
1623770548398 -43.80588071244369 290
1623770587751 -23.852932151950746 291
1623770642127 43.674054443090114 292
1623770683573 -41.72410027131286 293
1623770719218 -89.43653548553863 294
1623770761000 -30.897271302419405 295
1623770811265 -27.302637730081123 296
1623770847740 -64.31888157148019 297
1623770881861 -38.179456335006165 298
1623770911340 -16.154236340381967 299
1623770953800 -39.627627223814414 300
1623770984398 -79.24646471042331 301
1623771013688 -77.0928453046437 302
1623771059939 -9.525761778289354 303
1623771088104 -60.59798429121086 304
1623771121817 -46.20102022402909 305
1623771165669 1.1981373742319459 306
1623771196011 -51.05931900335028 307
1623771222862 -78.8402218691888 308
1623771249076 -85.25778803904943 309
1623771287570 -26.659761055032355 310
1623771326791 -8.539650109149584 311
1623771382774 2.917055899623009 312
1623771416191 -61.82196233627987 313
1623771452545 -24.13348456022285 314
1623771484348 -70.96593183218411 315
1623771513229 -90.21314291796554 316
1623771571157 -39.74414183027939 317
1623771636006 4.9372116159689785 318
1623771686856 -7.241081544814571 319
1623771718626 -29.992664528044067 320
1623771750638 -39.77573651913421 321
1623771795065 -18.23453507559378 322
1623771818886 -78.64974353579213 323
1623771856614 -15.300590181971213 324
1623771900764 -8.855983552009262 325
1623771943353 -44.48813501270021 326
1623771971487 -68.11720797997192 327
1623772002822 -81.16629801486793 328
1623772041547 -36.63486173278113 329
1623772081601 -22.13530443977445 330
1623772138537 -21.07587006722515 331
1623772175822 -44.831434020085744 332
1623772201415 -55.43386688460961 333
1623772247567 -51.44544549758712 334
1623772300529 -9.656330150629119 335
1623772332678 -66.99125675658097 336
1623772372540 -61.09968742553092 337
1623772418005 -25.348296514931327 338
1623772457759 -19.117473228077884 339
1623772489910 -48.27100775747291 340
1623772514775 -93.23475004833944 341
1623772543082 -52.69922539088224 342
1623772570016 -103.96527952053395 343
1623772598480 -70.88824235025044 344
1623772628626 -46.67956215346756 345
1623772656799 -63.65359622563662 346
1623772685122 -48.86887230931289 347
1623772721803 -46.62299727719826 348
1623772748081 -9.678485061235838 349
1623772781744 -46.46109756762937 350
1623772839810 -33.31976787736143 351
1623772872921 -46.95859613191784 352
1623772900734 -86.42203378686203 353
1623772936749 -37.517435548439494 354
1623772969244 -54.90274640818538 355
1623773002184 -66.49351498894671 356
1623773036866 -45.33267928980656 357
1623773082505 -3.011070365083194 358
1623773118073 -27.355701471831395 359
1623773154246 -37.358689071669595 360
1623773198529 -48.339169111894165 361
1623773233027 -35.47013175148803 362
1623773278994 -9.53902625054341 363
1623773316738 -46.3209107856639 364
1623773356382 -64.38798655928491 365
1623773389506 -37.521429458404555 366
1623773422517 -67.45024213598491 367
1623773458490 -43.36221532464612 368
1623773498712 -5.9341658314551635 369
1623773533559 -13.932845713559905 370
1623773566037 -13.768460450461363 371
1623773608280 -17.034736782236145 372
1623773644974 -59.54706467516281 373
1623773684957 -62.49137992057614 374
1623773724794 -48.96001153434102 375
1623773756960 -10.085773586454657 376
1623773791125 -46.176342652383894 377
1623773835317 18.938481118297847 378
1623773885462 -20.91095976656274 379
1623773915326 -56.32846012269523 380
1623773963578 -4.927986738716302 381
1623774012599 7.530022249596803 382
1623774047321 -20.45165089972427 383
1623774071871 -115.3803374360309 384
1623774106842 -54.9328879882017 385
1623774147878 -28.984720775284913 386
1623774179879 -37.43183316088361 387
1623774206755 -80.09872981180291 388
1623774236157 -96.02469182902469 389
1623774269103 -13.92892635440626 390
1623774320597 8.804410613147768 391
1623774368389 22.190439543261945 392
1623774393395 -22.273017156351187 393
1623774431309 -24.033479060758086 394
1623774487789 16.483798744280634 395
1623774514520 -106.98071226601989 396
1623774565431 -37.655437794161735 397
1623774606108 -25.831144195112312 398
1623774640433 -58.785624340661755 399
