1623761182271 -127.58180701289498 0
1623761216233 -74.60096868076207 1
1623761245104 -74.60096868076207 2
1623761265316 -89.5325360850293 3
1623761283422 -122.0265470695474 4
1623761303804 -122.0265470695474 5
1623761322308 -127.27508064585973 6
1623761345013 -120.15995667099938 7
1623761366198 -107.78187972543981 8
1623761386128 -107.78187972543981 9
1623761402032 -80.14244413425988 10
1623761420294 -63.304329376843874 11
1623761435582 -63.304329376843874 12
1623761455009 -107.26404616192637 13
1623761476990 -97.8290846569926 14
1623761496835 -97.8290846569926 15
1623761517338 -113.89187531005044 16
1623761537791 -106.8369358511716 17
1623761557046 -90.76358937612827 18
1623761579945 -84.80244134019142 19
1623761600198 -76.04373315022899 20
1623761617971 -76.4731118484435 21
1623761638901 -51.81336974892097 22
1623761658898 -58.4626689458005 23
1623761678481 -61.530110026933905 24
1623761701561 -63.29925316145754 25
1623761723510 -49.02541322362328 26
1623761744180 -49.02541322362328 27
1623761765034 -22.80806548079328 28
1623761788921 -22.80806548079328 29
1623761809721 -16.41246407385875 30
1623761830044 -16.41246407385875 31
1623761853647 -55.11888112034802 32
1623761878389 -79.660183479012 33
1623761902639 -40.521470603767014 34
1623761922861 -40.521470603767014 35
1623761943878 -84.19728899989964 36
1623761963875 -80.90759648597988 37
1623761983951 -31.76043134008678 38
1623762006737 8.596090397649823 39
1623762029875 8.596090397649823 40
1623762053220 -78.50595424622593 41
1623762076856 -44.58160763561234 42
1623762098879 27.631451693253315 43
1623762124174 27.631451693253315 44
1623762158079 12.130344481644414 45
1623762186781 12.130344481644414 46
1623762212725 -39.12913670207503 47
1623762236383 14.289577892679953 48
1623762263471 -1.1430415736853292 49
1623762287415 -1.1430415736853292 50
1623762308964 -22.564941692087594 51
1623762339248 38.10735755374462 52
1623762369591 50.08749328202244 53
1623762395006 50.08749328202244 54
1623762417828 -53.72547303337677 55
1623762438890 -53.72547303337677 56
1623762467393 -19.041677643103426 57
1623762490365 -19.041677643103426 58
1623762515745 -54.778737634291375 59
1623762537467 -66.75992888569769 60
1623762562017 -75.05033658180696 61
1623762583954 -71.83461626512346 62
1623762607895 -71.83461626512346 63
1623762630334 -58.50230124707489 64
1623762652494 -25.196012867707957 65
1623762672842 -7.984686404686192 66
1623762697071 -7.984686404686192 67
1623762717988 -56.808719328040056 68
1623762740644 -26.760054496326187 69
1623762760101 -26.760054496326187 70
1623762782158 -93.78374779155119 71
1623762802151 -68.56573304378267 72
1623762824582 -42.71986952152535 73
1623762845425 11.273680620702043 74
1623762871020 11.273680620702043 75
1623762894183 -73.581442571467 76
1623762917506 -48.545343542440165 77
1623762939507 0.002060833261566586 78
1623762962073 0.002060833261566586 79
1623762987204 -7.908161075297026 80
1623763008528 -7.908161075297026 81
1623763030291 -64.6187523594255 82
1623763049196 -51.245548954222464 83
1623763071154 -57.623904318913944 84
1623763091226 -38.83796309526467 85
1623763112243 -38.83796309526467 86
1623763135193 -86.6380622186628 87
1623763155008 -57.923084498432445 88
1623763175019 -31.9697999828499 89
1623763196064 -31.9697999828499 90
1623763219657 -16.000768762323048 91
1623763242562 -22.665337050781837 92
1623763268106 -2.6642942698100627 93
1623763292795 -2.6642942698100627 94
1623763318020 -28.92891136356136 95
1623763340772 -24.440124461048992 96
1623763361457 -24.440124461048992 97
1623763387566 -5.6289680351078655 98
1623763410068 -5.6289680351078655 99
1623763439346 -30.4068634911143 100
1623763463437 11.873284073438091 101
1623763483144 11.873284073438091 102
1623763510421 39.73327992731806 103
1623763534826 39.73327992731806 104
1623763560376 11.012007168522008 105
1623763585760 11.012007168522008 106
1623763612134 25.69374605707111 107
1623763644341 25.503083989001393 108
1623763670115 29.781021125318006 109
1623763707283 138.78326274822516 110
1623763758920 138.78326274822516 111
1623763797198 78.88089080525332 112
1623763831748 -8.508513506288685 113
1623763858697 -14.037840710569867 114
1623763893189 127.33476356807246 115
1623763933205 127.33476356807246 116
1623763963245 10.993549188882602 117
1623763988099 10.993549188882602 118
1623764017055 71.1552363647813 119
1623764045569 73.73685201255938 120
1623764072626 73.73685201255938 121
1623764100572 42.78546223282325 122
1623764124744 42.78546223282325 123
1623764149492 20.672971112033387 124
1623764175090 36.41271670881952 125
1623764206901 57.3373489198671 126
1623764235416 54.17383996129121 127
1623764263698 54.17383996129121 128
1623764299748 90.30695405967147 129
1623764326580 90.30695405967147 130
1623764352354 15.686969278510343 131
1623764381942 -7.370718915491443 132
1623764405957 -12.311189039070934 133
1623764438509 19.235665194102815 134
1623764465414 3.6717131734432824 135
1623764493141 20.980832011936116 136
1623764520361 15.0035863667971 137
1623764548967 15.0035863667971 138
1623764574535 -53.19360937958802 139
1623764604346 -8.511468029024007 140
1623764637351 -8.511468029024007 141
1623764677657 49.23671214467439 142
1623764705978 24.250188881243382 143
1623764733708 1.0608467700256938 144
1623764761852 5.560669238684506 145
1623764804017 88.71963786147585 146
1623764859648 98.7539601332476 147
1623764906679 98.7539601332476 148
1623764932180 88.19633479774126 149
1623764958491 57.458426182104674 150
1623764988230 38.94488489661286 151
1623765015324 106.11893875471151 152
1623765044034 106.11893875471151 153
1623765069040 35.38276071201603 154
1623765099587 14.690885073739594 155
1623765135410 49.84545553595272 156
1623765174729 86.20707104048333 157
1623765217832 181.86244554660993 158
1623765250091 181.86244554660993 159
1623765292410 55.365414514253054 160
1623765336583 170.25536220201386 161
1623765379014 170.25536220201386 162
1623765414143 82.93392522532282 163
1623765466038 93.08296451913748 164
1623765500123 84.15704429813636 165
1623765531627 -8.002427622711355 166
1623765568164 7.9182549266922475 167
1623765594345 7.9182549266922475 168
1623765629044 14.056304468763324 169
1623765660732 65.07531153810075 170
1623765695573 62.38098978604607 171
1623765724593 42.46006127429285 172
1623765760022 42.46006127429285 173
1623765802277 106.02957658444264 174
1623765832624 106.02957658444264 175
1623765864261 59.69927661795431 176
1623765890108 47.03002070116945 177
1623765916180 -17.28733492422642 178
1623765952813 134.30663587205436 179
1623765978309 134.30663587205436 180
1623766009617 32.645635213595384 181
1623766038038 64.50508846799352 182
1623766080252 95.31316648923718 183
1623766109566 95.31316648923718 184
1623766150882 8.127203651173005 185
1623766205429 109.95434924778472 186
1623766260881 109.95434924778472 187
1623766297704 37.846793715649405 188
1623766344149 42.60501868366057 189
1623766371542 42.60501868366057 190
1623766399177 80.87355842624345 191
1623766451891 90.87766007068728 192
1623766497471 77.97334984544473 193
1623766536209 26.61591269891279 194
1623766569900 77.16249386032112 195
1623766617746 123.05101727817448 196
1623766698070 201.4163421649077 197
1623766743455 201.4163421649077 198
1623766799200 66.91754297521999 199
1623766854609 44.2039355333534 200
1623766904419 39.634748442590436 201
1623766960775 92.79650295001721 202
1623767001314 92.79650295001721 203
1623767053132 80.60723451502297 204
1623767082267 23.038445049078184 205
1623767113669 50.356800001135284 206
1623767164908 111.90985065677407 207
1623767204078 111.71437679843152 208
1623767257390 50.11140612977203 209
1623767300569 37.54515527479314 210
1623767358019 41.94257588047545 211
1623767409373 44.638483519777786 212
1623767469337 71.76258831240969 213
1623767508762 71.76258831240969 214
1623767551902 77.10878487735548 215
1623767578511 69.26754515643168 216
1623767609955 5.277141711021204 217
1623767652647 1.6633335048996003 218
1623767677854 0.5346155234671329 219
1623767721094 7.55247545341305 220
1623767766791 105.66850246052522 221
1623767799342 105.66850246052522 222
1623767844745 -2.690885573065498 223
1623767875983 -2.690885573065498 224
1623767920163 85.05064967365585 225
1623767969130 87.94942185742462 226
1623768024113 128.46652433604476 227
1623768058956 116.48908917044125 228
1623768110947 25.218517663260236 229
1623768177599 139.97084736296898 230
1623768214364 131.89554738766364 231
1623768241063 4.41083804983082 232
1623768273248 -18.56098744496326 233
1623768306336 13.70237352983157 234
1623768353750 42.013206487990864 235
1623768386858 41.47579974639944 236
1623768436395 54.26920203419742 237
1623768471386 71.44934920786088 238
1623768510340 71.44934920786088 239
1623768541901 47.69096682448897 240
1623768569584 9.90183027507631 241
1623768612741 54.56505502645517 242
1623768668899 54.56505502645517 243
1623768714942 127.78067845730133 244
1623768742210 127.78067845730133 245
1623768796951 51.06881882798778 246
1623768830275 57.50587281528012 247
1623768860110 57.50587281528012 248
1623768893272 48.778536469774444 249
1623768933947 58.56558999360614 250
1623768992658 111.79282250439871 251
1623769021661 96.72565797417867 252
1623769056915 65.22823091461237 253
1623769095757 53.715686577024066 254
1623769138553 102.55143084538767 255
1623769161418 102.55143084538767 256
1623769193272 64.26322652077909 257
1623769231778 64.26322652077909 258
1623769264374 27.68362491312424 259
1623769311111 64.18264935110827 260
1623769365625 81.37448800981142 261
1623769392653 72.89361311249641 262
1623769423027 3.2314586160402543 263
1623769452531 3.2314586160402543 264
1623769491928 35.027230033638844 265
1623769528603 35.027230033638844 266
1623769564801 89.42604760825351 267
1623769591378 89.42604760825351 268
1623769626327 1.9698901803436342 269
1623769663964 39.49056840640553 270
1623769702907 17.80207918795056 271
1623769739507 44.7841751449951 272
1623769777146 44.7841751449951 273
1623769820157 22.401978582654642 274
1623769860295 -24.701562686467447 275
1623769944470 156.96838467014808 276
1623769978773 156.96838467014808 277
1623770031153 19.554164587706445 278
1623770064752 48.332091699404586 279
1623770088175 48.332091699404586 280
1623770147346 106.59913726314312 281
1623770201120 106.59913726314312 282
1623770257826 79.60496801608325 283
1623770313305 79.60496801608325 284
1623770354653 26.263535602655075 285
1623770396781 79.80697201575903 286
1623770427695 79.80697201575903 287
1623770473938 53.43409796195876 288
1623770509743 53.43409796195876 289
1623770548424 48.91176144193546 290
1623770587776 68.1760498883736 291
1623770642153 156.1999695811009 292
1623770683599 145.72672420539794 293
1623770719243 2.379044727831004 294
1623770761024 63.90580504731611 295
1623770811297 47.43804932893727 296
1623770847765 47.43804932893727 297
1623770881885 119.25243462963188 298
1623770911375 89.64890781645867 299
1623770953825 89.64890781645867 300
1623770984422 28.20361697706961 301
1623771013711 28.20361697706961 302
1623771059964 145.02530616573563 303
1623771088142 145.02530616573563 304
1623771121841 60.54965434831338 305
1623771165693 234.0240142293963 306
1623771196044 234.0240142293963 307
1623771222895 -2.098022417928507 308
1623771249109 -28.836397568830716 309
1623771287595 120.54609068333066 310
1623771326822 120.54609068333066 311
1623771382798 87.7618617316776 312
1623771416215 82.4663134275524 313
1623771452569 64.9297181463052 314
1623771484371 57.06584967991862 315
1623771513253 43.20347356317097 316
1623771571180 43.20347356317097 317
1623771636030 102.93615179422348 318
1623771686882 102.93615179422348 319
1623771718649 85.98488187689188 320
1623771750661 37.203290718538696 321
1623771795118 88.01384774483328 322
1623771818911 88.01384774483328 323
1623771856640 102.09657651167166 324
1623771900788 168.80204295520699 325
1623771943376 121.44831978839143 326
1623771971511 72.7330292808166 327
1623772002848 -2.828976517137588 328
1623772041573 111.50941895549047 329
1623772081633 111.50941895549047 330
1623772138561 141.94560157025666 331
1623772175845 141.94560157025666 332
1623772201439 19.25056368769306 333
1623772247591 75.46192217445619 334
1623772300562 133.72499882868576 335
1623772332701 121.88659083782906 336
1623772372566 22.241886044779136 337
1623772418028 74.04428367929845 338
1623772457783 128.34493800027 339
1623772489934 128.34493800027 340
1623772514799 -6.060607222456395 341
1623772543108 9.354319207495928 342
1623772570039 -1.7202480640598083 343
1623772598503 98.62509374109125 344
1623772628650 -10.273429514130601 345
1623772656824 33.87711163191098 346
1623772685161 64.7389647249823 347
1623772721829 64.7389647249823 348
1623772748105 139.69144637042925 349
1623772781768 139.69144637042925 350
1623772839838 127.14798331631462 351
1623772872952 127.14798331631462 352
1623772900760 66.00248055769862 353
1623772936774 69.96662049820912 354
1623772969269 69.96662049820912 355
1623773002210 53.69640940096851 356
1623773036890 53.69640940096851 357
1623773082533 137.6680439471063 358
1623773118098 137.6680439471063 359
1623773154273 99.28830043491962 360
1623773198557 103.74104745571599 361
1623773233068 103.74104745571599 362
1623773279027 113.94132894068755 363
1623773316761 113.94132894068755 364
1623773356414 40.16853228717273 365
1623773389534 122.69492895966638 366
1623773422541 72.73220482661154 367
1623773458513 63.116756171725186 368
1623773498736 102.38445329239858 369
1623773533583 95.63068099187743 370
1623773566061 105.68573438399305 371
1623773608304 105.68573438399305 372
1623773644998 97.71181554874045 373
1623773684981 25.85766149214033 374
1623773724819 42.459524739175734 375
1623773756986 79.4430809393882 376
1623773791149 73.09729504107456 377
1623773835341 152.0591006656124 378
1623773885487 152.0591006656124 379
1623773915351 65.54205164198197 380
1623773963603 144.8793263151491 381
1623774012625 216.25530012096442 382
1623774047348 216.25530012096442 383
1623774071896 39.01361680116037 384
1623774106867 10.972832701271079 385
1623774147904 115.26821213748258 386
1623774179903 67.67866232370636 387
1623774206779 67.67866232370636 388
1623774236182 -31.88623690440205 389
1623774269128 177.02561506134052 390
1623774320623 177.02561506134052 391
1623774368415 164.60080698772398 392
1623774393419 164.60080698772398 393
1623774431335 59.18097963561136 394
1623774487814 135.03391435645565 395
1623774514544 134.82954144569214 396
1623774565456 168.70811876575766 397
1623774606132 114.42311664996059 398
1623774640458 90.78962396943498 399
