1623761182187 -1158.325138245941 0
1623761216192 -564.6799768401733 1
1623761245054 -685.5858549561178 2
1623761265231 -166.15607550442968 3
1623761283384 -142.45499560331888 4
1623761303760 -159.07693577761358 5
1623761322269 -148.16683098776176 6
1623761344967 -134.4815562348429 7
1623761366129 -141.63317823993935 8
1623761386081 -145.02383210306547 9
1623761401988 -145.02383210306547 10
1623761420239 -98.88989143440543 11
1623761435523 -128.76093852174168 12
1623761454963 -141.92034892944213 13
1623761476946 -107.5825786939026 14
1623761496793 -156.44307346757444 15
1623761517288 -127.89635004187332 16
1623761537746 -146.13508337371468 17
1623761556981 -141.61103955941772 18
1623761579902 -128.31877906251077 19
1623761600154 -120.37286064273749 20
1623761617925 -144.34430522838767 21
1623761638859 -115.6506141821638 22
1623761658849 -136.8088674392584 23
1623761678434 -126.00686723223468 24
1623761701511 -145.08569504346565 25
1623761723462 -160.1060219671031 26
1623761744132 -133.4955212326555 27
1623761764968 -150.87599507023276 28
1623761788877 -131.5426673973278 29
1623761809680 -101.4460175595056 30
1623761829995 -115.89034736381316 31
1623761853598 -153.18875148526587 32
1623761878321 -170.28757642644374 33
1623761902596 -128.78861804888584 34
1623761922816 -168.02905757153255 35
1623761943833 -121.66711283774416 36
1623761963836 -169.40707418245543 37
1623761983908 -146.21981741976919 38
1623762006697 -133.44208204421372 39
1623762029829 -209.21749812617963 40
1623762053170 -139.1576630772706 41
1623762076812 -118.30610269194707 42
1623762098834 -58.18464327343763 43
1623762124128 -135.17960447394483 44
1623762158033 -91.9617113852182 45
1623762186739 -178.72303057985926 46
1623762212685 -123.40667210778277 47
1623762236341 -99.90625066584575 48
1623762263425 -153.52357952429549 49
1623762287374 -105.94370708186341 50
1623762308923 -105.40097409358914 51
1623762339205 -130.2695101781004 52
1623762369549 -114.88581963475642 53
1623762394960 -242.30079813369935 54
1623762417777 -159.07792724335695 55
1623762438849 -136.0727608462501 56
1623762467350 -140.3709793318807 57
1623762490317 -118.98836512881789 58
1623762515703 -187.42318766148128 59
1623762537420 -122.30102196985442 60
1623762561970 -223.70445031382684 61
1623762583911 -121.33575976220746 62
1623762607845 -254.97807673046145 63
1623762630293 -152.18810747869864 64
1623762652446 -124.31831453128272 65
1623762672797 -109.8826947987036 66
1623762697026 -174.30550861942498 67
1623762717945 -132.06013565780918 68
1623762740603 -118.17421228793498 69
1623762760052 -140.72751574867203 70
1623762782106 -172.1043541790977 71
1623762802108 -137.76298590001298 72
1623762824540 -145.27548121858234 73
1623762845383 -110.40413155251781 74
1623762870966 -140.26597414105942 75
1623762894135 -137.92428691603882 76
1623762917458 -138.6432998135911 77
1623762939464 -124.89238933638778 78
1623762962031 -93.53744800989898 79
1623762987159 -114.0411951548346 80
1623763008483 -119.27457843881434 81
1623763030242 -186.01290776029177 82
1623763049152 -133.21902944693403 83
1623763071103 -168.81864167985447 84
1623763091178 -139.85377433408192 85
1623763112202 -202.18120831797629 86
1623763135151 -166.88227769388547 87
1623763154955 -139.94023709415666 88
1623763174968 -140.92615672332826 89
1623763196020 -125.56851928618957 90
1623763219616 -98.43208098432974 91
1623763242521 -99.8136389915904 92
1623763268065 -153.47418403972432 93
1623763292751 -160.36121190769873 94
1623763317971 -122.53994206037426 95
1623763340726 -117.15354921161384 96
1623763361411 -128.7569365160553 97
1623763387522 -156.46935790081184 98
1623763410024 -121.42364576175757 99
1623763439295 -154.57679767000639 100
1623763463388 -93.11996217236472 101
1623763483098 -88.16844475259568 102
1623763510376 -95.46991384404609 103
1623763534782 -80.60017086536746 104
1623763560333 -108.58424173346825 105
1623763585718 -121.13475866069211 106
1623763612089 -119.29866008334241 107
1623763644295 -122.15926633892948 108
1623763670072 -80.41716667723526 109
1623763707241 -91.30634606566431 110
1623763758879 -80.94398265578074 111
1623763797157 -150.83704471591915 112
1623763831704 -144.90220734164555 113
1623763858645 -178.14285400594014 114
1623763893146 -96.67408016393078 115
1623763933161 -101.43827682969443 116
1623763963203 -99.4500084756997 117
1623763988056 -191.415179521448 118
1623764017016 -97.79768212359511 119
1623764045523 -120.29368916679941 120
1623764072583 -169.43533684436233 121
1623764100526 -161.02922950157708 122
1623764124701 -139.6032907113152 123
1623764149440 -108.29415339821472 124
1623764175039 -115.8159184684547 125
1623764206851 -91.124431340646 126
1623764235358 -82.98001693691108 127
1623764263646 -130.28305895041078 128
1623764299706 -102.94964917790521 129
1623764326539 -135.11320704868263 130
1623764352312 -110.73484068756174 131
1623764381899 -152.14401797150677 132
1623764405906 -92.3681592796875 133
1623764438466 -114.85100618708441 134
1623764465372 -132.07233283768082 135
1623764493093 -102.84576673028437 136
1623764520312 -76.52590734656742 137
1623764548916 -134.91687468416822 138
1623764574481 -171.1958844699944 139
1623764604304 -130.8115372865238 140
1623764637303 -159.26350445614185 141
1623764677614 -98.3022438612605 142
1623764705936 -160.64378065950578 143
1623764733668 -149.56647045416202 144
1623764761811 -104.13742508981386 145
1623764803968 -81.81100352314398 146
1623764859607 -127.65446120566034 147
1623764906638 -107.58009533033642 148
1623764932132 -56.59279749656296 149
1623764958447 -126.23554970436787 150
1623764988186 -85.85625722755064 151
1623765015283 -127.58873520415986 152
1623765043989 -89.00900662457877 153
1623765068990 -127.59678520735251 154
1623765099544 -101.64390810175007 155
1623765135364 -83.29006960692564 156
1623765174683 -111.35248791885274 157
1623765217782 -20.71804906956956 158
1623765250048 -109.96819518078482 159
1623765292359 -80.13241274486393 160
1623765336531 -47.47871308700289 161
1623765378968 -51.12595439074594 162
1623765414097 -193.96936521443303 163
1623765465993 -96.60103005116 164
1623765500077 -136.60313435932477 165
1623765531574 -145.75323373989357 166
1623765568118 -80.99749235376296 167
1623765594297 -171.4106930479715 168
1623765629000 -87.16253119988752 169
1623765660687 -84.64617820307303 170
1623765695522 -96.01984050975891 171
1623765724547 -107.7875573688118 172
1623765759968 -147.2753916905246 173
1623765802232 -66.84122330971833 174
1623765832574 -148.591774543488 175
1623765864215 -130.58676786049153 176
1623765890055 -103.5508483592154 177
1623765916133 -128.0516900567116 178
1623765952765 -84.4995372683795 179
1623765978261 -99.33501557418342 180
1623766009571 -93.07893892195975 181
1623766037987 -98.16826650559722 182
1623766080202 -108.09841099409707 183
1623766109520 -122.31132924245166 184
1623766150828 -105.8175235882912 185
1623766205375 -51.147304984006496 186
1623766260828 -111.44039825599461 187
1623766297657 -124.06012646575145 188
1623766344099 -143.3946797570558 189
1623766371496 -129.10418826682158 190
1623766399128 -73.34752035455014 191
1623766451840 -76.35265461875913 192
1623766497418 -167.88566171659318 193
1623766536157 -155.91065133514562 194
1623766569850 -95.48444881807941 195
1623766617692 -79.00954383323297 196
1623766698017 -34.93675966308447 197
1623766743407 -64.18526158080265 198
1623766799151 -134.05023407881595 199
1623766854558 -108.52703824705308 200
1623766904367 -111.05698374068736 201
1623766960708 -139.0503442428655 202
1623767001247 -102.64294127742036 203
1623767053082 -102.21206036446914 204
1623767082216 -195.8672641082573 205
1623767113621 -109.88857916024952 206
1623767164857 -111.43883966630594 207
1623767204025 -119.62726314472188 208
1623767257341 -108.96946536833443 209
1623767300520 -101.31630180966908 210
1623767357969 -120.08006508992453 211
1623767409318 -90.38299828230203 212
1623767469286 -79.05216878778072 213
1623767508709 -131.95511549697412 214
1623767551843 -120.56607640920625 215
1623767578457 -91.11397044929765 216
1623767609905 -138.08262472750567 217
1623767652592 -160.12832053262568 218
1623767677804 -105.99474470373639 219
1623767721043 -115.49230334944006 220
1623767766739 -82.81573448776578 221
1623767799289 -124.20294490415122 222
1623767844696 -136.7092764601732 223
1623767875920 -123.30915270199753 224
1623767920114 -53.168779737589446 225
1623767969085 -83.81711820053901 226
1623768024031 -85.19808282431505 227
1623768058901 -148.85788050823336 228
1623768110890 -122.01686120435579 229
1623768177546 -86.27492177212874 230
1623768214314 -142.80675818220485 231
1623768241016 -127.92353525145435 232
1623768273196 -134.60682862389535 233
1623768306284 -107.36947521783952 234
1623768353703 -96.98304930327731 235
1623768386808 -149.92835893223418 236
1623768436349 -72.3276668279383 237
1623768471336 -100.75562901561516 238
1623768510294 -97.33486638310242 239
1623768541853 -107.87473956944021 240
1623768569531 -139.0154525113503 241
1623768612692 -134.55299484209678 242
1623768668852 -107.66424510760051 243
1623768714896 -18.988137289339935 244
1623768742157 -84.98081420381155 245
1623768796902 -68.82868852373595 246
1623768830223 -108.99186391285261 247
1623768860057 -86.31180977034491 248
1623768893221 -58.36853028681536 249
1623768933899 -75.14196768750195 250
1623768992601 -99.74449533917252 251
1623769021605 -89.66911400847349 252
1623769056861 -96.2506784885391 253
1623769095705 -126.02373282850306 254
1623769138497 -109.13891523288427 255
1623769161368 -174.7019671030414 256
1623769193223 -123.70657548672656 257
1623769231731 -192.42571984378236 258
1623769264327 -90.16462472780975 259
1623769311063 -91.31289511809183 260
1623769365573 -92.69000015535926 261
1623769392607 -87.09241286526868 262
1623769422969 -111.8889727028911 263
1623769452483 -119.29747147178618 264
1623769491877 -100.82011502957216 265
1623769528546 -160.00544498927516 266
1623769564747 -61.01231503615909 267
1623769591329 -131.3426581577441 268
1623769626282 -91.26139254378312 269
1623769663909 -131.40571603364145 270
1623769702855 -108.00621100551339 271
1623769739443 -82.50414762596021 272
1623769777090 -135.67900767675675 273
1623769820099 -114.95803445035656 274
1623769860238 -158.35673854034457 275
1623769944414 -19.4376697104248 276
1623769978703 -145.89296790683207 277
1623770031099 -88.84796355155586 278
1623770064699 -94.64209822420825 279
1623770088115 -130.09354265700608 280
1623770147291 -113.77994876012409 281
1623770201064 -110.67064638170973 282
1623770257763 -85.0398706467951 283
1623770313247 -131.3027036725723 284
1623770354599 -155.25023315138964 285
1623770396724 -87.94949899534336 286
1623770427638 -119.81061720053015 287
1623770473889 -62.41530322464895 288
1623770509691 -107.33085637110146 289
1623770548371 -101.44823673408403 290
1623770587718 -95.44123919154887 291
1623770642029 -45.107441537318834 292
1623770683548 -107.84601845766024 293
1623770719191 -143.26363785619864 294
1623770760977 -85.60603249367954 295
1623770811227 -82.49529856983436 296
1623770847713 -141.88674715432208 297
1623770881834 -89.29079391203882 298
1623770911300 -72.30436497771038 299
1623770953770 -103.28074914252281 300
1623770984372 -155.89645818564813 301
1623771013655 -135.98258444728387 302
1623771059911 -83.70633613301243 303
1623771088068 -131.07940617743026 304
1623771121788 -125.29702576524548 305
1623771165638 -69.23922357887642 306
1623771195981 -124.26092948499141 307
1623771222834 -120.63088758383901 308
1623771249044 -104.84981683501758 309
1623771287544 -93.14720561154154 310
1623771326767 -72.66384469688315 311
1623771382743 -107.33462543478552 312
1623771416158 -141.49986328556022 313
1623771452512 -76.33314395141207 314
1623771484314 -136.49667775844873 315
1623771513195 -140.02587028654312 316
1623771571128 -87.31376540125719 317
1623771635982 -56.504175479056315 318
1623771686830 -88.73299723228885 319
1623771718601 -100.94856302632982 320
1623771750606 -107.74287003403167 321
1623771795012 -89.99775800942366 322
1623771818854 -152.3341177608356 323
1623771856588 -101.16823494370168 324
1623771900735 -112.79859789548227 325
1623771943327 -125.09825866754758 326
1623771971460 -121.36930791460429 327
1623772002795 -141.72487304910678 328
1623772041521 -100.57286825504642 329
1623772081573 -100.6963188554056 330
1623772138505 -111.18041892878716 331
1623772175796 -105.21878362155378 332
1623772201386 -77.08013191856053 333
1623772247542 -120.47229818821702 334
1623772300504 -78.45665101177654 335
1623772332644 -151.4079116681865 336
1623772372513 -114.64916330417721 337
1623772417973 -106.37137121721784 338
1623772457732 -99.14298077581455 339
1623772489886 -107.70235204831408 340
1623772514750 -131.70997036706908 341
1623772543054 -102.21201023772994 342
1623772569978 -151.72098021340304 343
1623772598445 -127.74150057009297 344
1623772628600 -74.5174825087063 345
1623772656772 -106.68524676073734 346
1623772685083 -103.3694996276972 347
1623772721778 -126.50557187857669 348
1623772748054 -61.84021995581882 349
1623772781712 -99.19432478358917 350
1623772839780 -109.04178880930635 351
1623772872895 -127.87103330277702 352
1623772900703 -150.98220420837188 353
1623772936719 -128.37010463352306 354
1623772969216 -123.94314240741292 355
1623773002158 -131.5143645540409 356
1623773036837 -106.0773087372002 357
1623773082480 -73.89031788443751 358
1623773118043 -89.38147932708316 359
1623773154218 -154.71071444417788 360
1623773198503 -152.37372231437286 361
1623773232994 -115.41885949152456 362
1623773278966 -108.46050829306805 363
1623773316705 -132.8330109498335 364
1623773356357 -139.01765142920527 365
1623773389481 -97.85257491691767 366
1623773422492 -139.9245871550364 367
1623773458467 -120.26902808144249 368
1623773498687 -89.76030466730707 369
1623773533535 -89.69474250015833 370
1623773566011 -104.30749207658694 371
1623773608256 -115.16316069393649 372
1623773644947 -133.86097350281187 373
1623773684933 -123.68899068687374 374
1623773724768 -133.56651342328115 375
1623773756935 -52.63664035048599 376
1623773791100 -119.54438860246164 377
1623773835292 -44.28261311741828 378
1623773885436 -111.88824802602839 379
1623773915301 -150.42073105359418 380
1623773963551 -112.15007651716478 381
1623774012572 -108.77414386561986 382
1623774047293 -124.47810358938014 383
1623774071847 -177.91163359257467 384
1623774106817 -97.38172472193554 385
1623774147854 -74.526614414813 386
1623774179854 -104.80813859622144 387
1623774206730 -149.53537581061693 388
1623774236133 -161.2697001372551 389
1623774269076 -76.1986911659471 390
1623774320571 -85.2126189427797 391
1623774368365 -96.1050813152178 392
1623774393369 -96.04645650625037 393
1623774431282 -101.06419547938216 394
1623774487763 -68.23448433278607 395
1623774514493 -213.11227138092158 396
1623774565406 -147.92309261678298 397
1623774606067 -147.21271395646485 398
1623774640405 -160.42896673804233 399
