1623754722524 -679.549758299099 0
1623754745875 -259.31038899004045 1
1623754765060 -198.06933091568914 2
1623754784092 -126.24812986310698 3
1623754802810 -117.11023677797102 4
1623754820101 -120.0434862738216 5
1623754836489 -133.6784387733821 6
1623754853829 -127.42742669646536 7
1623754868904 -91.96742001927298 8
1623754885352 -98.60004134631242 9
1623754899946 -124.07276480655393 10
1623754916900 -124.83218448735632 11
1623754934283 -142.78662449297082 12
1623754954322 -137.68293476441053 13
1623754972569 -125.32913857277447 14
1623754994203 -125.51610944007035 15
1623755011787 -124.44639761830189 16
1623755027213 -113.79743929882923 17
1623755051949 -98.77963391289838 18
1623755075766 -86.15205055357266 19
1623755098148 -65.298652066723 20
1623755123256 -74.3525948648701 21
1623755144748 -97.45171333313212 22
1623755163815 -101.46835334259342 23
1623755185397 -94.34183160777475 24
1623755206163 -34.93320365917918 25
1623755229147 -74.26793803782367 26
1623755247947 -72.38560740492814 27
1623755269601 -65.83893568225223 28
1623755293390 -65.58012114741823 29
1623755317215 -73.7885654154424 30
1623755343138 -83.96035727653054 31
1623755365833 -28.779896385090463 32
1623755388909 -34.3004712060043 33
1623755413442 -64.14866652215316 34
1623755438495 -85.14365870607504 35
1623755462109 -79.64792326444865 36
1623755488056 -80.72406308935324 37
1623755513934 -50.41318061194645 38
1623755535369 -51.23880285289125 39
1623755562881 -52.393101897768496 40
1623755587601 -62.089235220818864 41
1623755613111 -49.53791644779137 42
1623755642779 -39.42217888120203 43
1623755666545 -51.245268585085526 44
1623755692426 -54.72854097050714 45
1623755715524 -48.619198043024724 46
1623755747366 -39.06654722939397 47
1623755780660 -52.89234265617285 48
1623755814350 -39.85703019168124 49
1623755846957 -48.95189965997358 50
1623755878427 -38.91355715900512 51
1623755909337 -45.441236827200854 52
1623755944514 -29.655649956044073 53
1623755987422 -33.84531161187877 54
1623756035308 -21.95973042289873 55
1623756087959 11.102700747777517 56
1623756149181 26.646253506905687 57
1623756224801 28.53276338245876 58
1623756301713 24.78979678475514 59
1623756413858 31.14494646958341 60
1623756531700 40.38428073439478 61
1623756663510 59.54399745421044 62
1623756838046 67.27945222369338 63
1623756988366 84.33884872296174 64
1623757176287 71.27785622512016 65
1623757387280 83.75910333098241 66
1623757571054 65.36533399496945 67
1623757759982 76.10888423669049 68
1623757890388 38.29416180831766 69
1623758071730 81.38191030855624 70
1623758259382 78.14931470376231 71
1623758450002 77.20469475190558 72
1623758633503 90.28932663276196 73
1623758783725 90.8368525014747 74
1623758999529 100.54625293502635 75
1623759178724 116.21064710377476 76
1623759366245 107.30072914303446 77
1623759570853 105.33380701550081 78
1623759737885 111.66671794118132 79
1623759931344 107.21425565925132 80
1623760044327 81.53849701382646 81
1623760219549 98.663931749218 82
1623760338448 93.73604960423253 83
1623760544147 96.69194138574778 84
1623760699710 113.0790138460192 85
1623760866007 100.2881768356404 86
1623761041122 107.56886229056752 87
1623761223080 123.04512069404981 88
1623761421445 147.90271113325707 89
1623761606280 120.92258082551346 90
1623761799271 147.28478558137354 91
1623761996892 113.8725539506664 92
1623762229157 118.00574233100902 93
1623762403087 127.22178391385911 94
1623762602574 152.0853564140576 95
1623762787603 185.02890691948025 96
1623762985523 171.27524672191325 97
1623763174661 171.64317985967264 98
1623763323375 140.4108010598603 99
1623763464385 128.37217559018003 100
1623763669536 124.73003286792903 101
1623763803484 157.2680782039982 102
1623763960356 147.02515772905733 103
1623764133513 110.54227272852455 104
1623764260964 127.0672522368214 105
1623764453632 175.33250720387048 106
1623764624626 150.50655277103294 107
1623764806646 155.7707039265489 108
1623764969932 149.65486266478757 109
1623765144914 152.61195308037304 110
1623765283595 140.32749728730485 111
1623765476378 159.33447374960738 112
1623765681598 172.03197019526363 113
1623765842570 159.49114199991428 114
1623766001326 210.90643325966485 115
1623766151585 190.7976786765214 116
1623766321647 168.87225497993975 117
1623766510869 197.17056963885796 118
1623766680570 191.0237871019886 119
1623766842711 203.98488479702402 120
1623767044105 187.7695692863017 121
1623767199947 190.67901074532074 122
1623767369993 205.54871522172635 123
1623767521243 205.77744106304195 124
1623767684468 204.90885489749587 125
1623767853421 192.92071724242368 126
1623768042471 206.5819643040312 127
1623768229207 210.38270827442474 128
1623768412334 213.0209613873447 129
1623768550493 198.662028683147 130
1623768702664 197.64673406076196 131
1623768885895 223.07831320034163 132
1623769047962 216.6988591218187 133
1623769205853 210.56029623642408 134
1623769368157 234.24780848708346 135
1623769540616 238.03914829537712 136
1623769703995 244.4461093524222 137
1623769851265 202.78032713853025 138
1623769989949 223.7855782402387 139
1623770107003 197.38088871178869 140
1623770287961 215.8946493040661 141
1623770442697 225.49398165104137 142
1623770586251 173.11410427055532 143
1623770755370 236.12429330689037 144
1623770917527 251.74057491350084 145
1623771058517 252.58613910948677 146
1623771222237 249.26036675692376 147
1623771364113 209.05189646424176 148
1623771515900 241.6910521830018 149
1623771691568 243.6269295631121 150
1623771854286 248.57528590125807 151
1623772001001 228.73958897573135 152
1623772167342 248.56378861188702 153
1623772348098 230.33289339617374 154
1623772522524 234.07087648059795 155
1623772673396 216.72391300185626 156
1623772827441 220.41233637290748 157
1623772967301 231.81733752738984 158
1623773098105 234.35421848977708 159
1623773271932 243.77420041959536 160
1623773425155 250.53313967322703 161
1623773558824 258.4200159491858 162
1623773729974 242.57313014618467 163
1623773902303 240.96302360247242 164
1623774124116 243.94607986526805 165
1623774308720 238.12517915499396 166
1623774508264 236.16442722700336 167
1623774702722 241.67819240687325 168
1623774914595 238.7880554812373 169
1623775093094 253.61333878722363 170
1623775259293 240.15878529048422 171
1623775390449 240.5983534100474 172
1623775551623 246.4385958114069 173
1623775668393 241.59591673157865 174
1623775810857 244.26186592045946 175
1623775940351 226.55844232559303 176
1623776104602 244.064503436703 177
1623776265425 252.17761930171656 178
1623776422671 216.01919096619807 179
1623776571497 252.3827143282718 180
1623776714422 236.34033152117286 181
1623776881577 235.634979085542 182
1623777023132 255.59856321775075 183
1623777156640 266.8312506717586 184
1623777300823 259.085117621813 185
1623777443261 245.83571485172158 186
1623777627495 239.78772876373634 187
1623777789639 246.72755626502337 188
1623777963913 245.51047967756364 189
1623778133356 239.84652254877528 190
1623778277263 253.7537897647897 191
1623778412522 258.3561271894339 192
1623778553254 244.59943874928442 193
1623778706464 249.53760928593638 194
1623778854573 253.53453003967581 195
1623779008321 255.0628228677306 196
1623779147061 253.49851288499252 197
1623779302845 252.04643279557007 198
1623779457482 261.4850537086332 199
1623779612865 258.85723899393486 200
1623779779580 260.863029540091 201
1623779956029 249.10429433717383 202
1623780114382 249.633836397333 203
1623780264917 258.28527304044616 204
1623780399828 247.07821771788645 205
1623780560062 249.45248988961117 206
1623780704266 243.14420266699173 207
1623780838685 250.06010227969222 208
1623780982618 250.4957479584647 209
1623781143511 261.19908493239 210
1623781272182 263.29119639904627 211
1623781410198 244.40864997900462 212
1623781552655 256.6229395150542 213
1623781706349 256.6408886786945 214
1623781844580 246.00718714685473 215
1623781999626 259.51945935483525 216
1623782148535 246.35628215796626 217
1623782284549 262.87718976283776 218
1623782413128 256.0501867854234 219
1623782534792 266.62854331373177 220
1623782644594 256.73512922052527 221
1623782797720 254.5913898922333 222
1623782955369 254.31403848730355 223
1623783091378 265.68920122662445 224
1623783224576 277.60439680981744 225
1623783383097 263.797082833039 226
1623783521948 247.65648745977379 227
1623783657172 271.4948800938136 228
1623783780508 274.86793108864606 229
1623783918131 266.0718596280138 230
1623784035433 283.348358477716 231
1623784188111 260.0778206967515 232
1623784296036 274.12672803075884 233
1623784411602 270.20048951314254 234
1623784523488 276.7467765492242 235
1623784654160 275.8882018732872 236
1623784775667 252.31300292448262 237
1623784904782 276.8558944169223 238
1623785013833 278.8415495947123 239
1623785147345 275.45222667699136 240
1623785250540 276.05441642832443 241
1623785370826 265.03955998997407 242
1623785501899 263.21269963769174 243
1623785616197 249.70639632480254 244
1623785745758 268.82078551388537 245
1623785851492 281.3715387618367 246
1623785994982 267.772319820556 247
1623786107837 282.8970884018938 248
1623786230831 260.16891841058145 249
1623786377969 271.0477123912387 250
1623786503698 271.8303973285323 251
1623786595514 286.87727601451707 252
1623786726721 265.7315066208395 253
1623786849071 261.40302771123953 254
1623786954572 275.9748985644745 255
1623787061023 282.1256277305123 256
1623787179158 273.19352995083113 257
1623787300582 254.77206201787646 258
1623787427447 269.3760057913055 259
1623787552652 268.59787707292156 260
1623787693864 264.98597555184983 261
1623787805008 282.1534730390607 262
1623787895846 291.840887290746 263
1623788025784 278.93254021483506 264
1623788168295 275.4091403454636 265
1623788282815 272.99250660091644 266
1623788398990 277.9238059683311 267
1623788525272 285.5254364760748 268
1623788640886 281.1801387166959 269
1623788753451 268.71494105201475 270
1623788862142 257.81414207047607 271
1623788971558 273.2327947159128 272
1623789096437 279.48804576498213 273
1623789231963 270.71456389466505 274
1623789336861 268.12863383287424 275
1623789432857 283.4007384149334 276
1623789519974 284.557013313425 277
1623789624035 283.9109781179674 278
1623789757857 265.81689539635386 279
1623789870490 267.4736148765549 280
1623789992731 273.05207280959524 281
1623790104403 265.4726941342148 282
1623790191120 290.8995279087004 283
1623790316006 273.269733987894 284
1623790420138 275.1964104064931 285
1623790552089 265.1964955820677 286
1623790656536 277.13431201498634 287
1623790783417 267.8700830656527 288
1623790921717 268.941626676509 289
1623791012804 270.2555493650831 290
1623791106410 274.01195957852957 291
1623791220792 275.15177472897443 292
1623791331160 274.14509484022864 293
1623791421555 270.79202577325077 294
1623791526313 273.50035134125335 295
1623791629541 273.0271418680492 296
1623791719936 288.4224981842425 297
1623791809872 274.3794945557583 298
1623791913165 269.07219849052314 299
1623792012259 277.7165126905583 300
1623792110568 286.9638489769206 301
1623792238248 277.483593596997 302
1623792335844 273.8244135307195 303
1623792421255 272.9433179368437 304
1623792535646 264.40643967522664 305
1623792631864 270.22854246911066 306
1623792735570 282.0710139243247 307
1623792864442 280.3682366924166 308
1623792968896 272.42729649822945 309
1623793089345 275.8715398002519 310
1623793199135 274.0864865622513 311
1623793291192 269.3394208923895 312
1623793384463 277.2414283934142 313
1623793472482 267.8513470402351 314
1623793583527 265.1357844548739 315
1623793690220 268.10298878397026 316
1623793781084 265.3216486121444 317
1623793893121 268.4582604704023 318
1623793995263 268.19455256654584 319
1623794094714 282.1504489805421 320
1623794216444 278.7926979646255 321
1623794324602 261.30924508264513 322
1623794451610 277.2509758786437 323
1623794585091 275.3862819132092 324
1623794719983 276.4244046537331 325
1623794820753 258.9471444537713 326
1623794934020 270.6055773126389 327
1623795049935 269.00122135938653 328
1623795159091 259.59252620233514 329
1623795256886 273.5407382248302 330
1623795352341 270.60690829573434 331
1623795444167 275.39631040784707 332
1623795569957 289.12667480463256 333
1623795683729 276.7889958889702 334
1623795792368 271.69790872335744 335
1623795903554 261.0113387104229 336
1623796009372 282.7550581024054 337
1623796115398 259.27244635317396 338
1623796233695 271.6189523600364 339
1623796355101 280.84315025405675 340
1623796484620 274.3687860278798 341
1623796655614 251.0575051978118 342
1623796822177 275.9762157358372 343
1623797004211 286.130806094638 344
1623797178088 275.59767583019743 345
1623797381367 273.47177346637017 346
1623797547947 283.02332499751395 347
1623797707612 289.81460607140247 348
1623797850707 289.7360307410866 349
1623798026474 279.42896339794754 350
1623798167174 282.5450902981557 351
1623798278861 284.3668969542578 352
1623798426149 264.277719685148 353
1623798563635 267.9868431923914 354
1623798685921 283.81242533778476 355
1623798803976 269.60724963039337 356
1623798927631 269.9873601136317 357
1623799069030 268.24311792874806 358
1623799201926 283.07634976106414 359
1623799322561 249.6843963640253 360
1623799448504 265.27137023334654 361
1623799584182 270.7222974558303 362
1623799718318 272.5073128417865 363
1623799872077 279.7612596546341 364
1623800017478 265.1077103398819 365
1623800135988 283.1560796441308 366
1623800252123 283.79884979730036 367
1623800386122 286.09982460767833 368
1623800491825 274.172930992696 369
1623800601213 265.72198251432087 370
1623800740635 267.19809515843735 371
1623800875560 274.86619112235974 372
1623801020697 266.9801763960732 373
1623801146882 264.6409030927139 374
1623801273871 267.57965549408016 375
1623801408713 266.43862227125516 376
1623801538771 270.3305669726779 377
1623801704684 279.9631236303585 378
1623801874909 273.7125840237831 379
1623802004288 272.76779390962855 380
1623802123292 283.53290851001833 381
1623802265045 289.76814099459494 382
1623802389552 278.41455195726337 383
1623802545861 263.6145456350179 384
1623802684848 246.70868813221304 385
1623802833864 273.1565001986973 386
1623802955278 278.51015262664873 387
1623803057203 271.03619346463375 388
1623803177659 276.74194405973316 389
1623803281698 241.2483270279767 390
1623803394480 262.52816763256817 391
1623803503191 279.7623510501422 392
1623803612006 286.3647916628747 393
1623803707276 282.47422281493783 394
1623803808435 273.73124514360546 395
1623803893841 275.98036535740675 396
1623804000081 286.7925195841324 397
1623804103278 281.40274890371893 398
1623804196855 272.201092370544 399
