1623754722528 -20.613969193095528 0
1623754745878 -20.613969193095528 1
1623754765065 -97.33715138226732 2
1623754784096 -52.96170280052216 3
1623754802815 -102.7746283136186 4
1623754820104 -99.43522833219195 5
1623754836492 -93.80902872089113 6
1623754853833 -93.80902872089113 7
1623754868907 -71.77189337163611 8
1623754885354 -62.88024252135225 9
1623754899949 -62.88024252135225 10
1623754916903 -87.16375746266826 11
1623754934285 -87.16375746266826 12
1623754954325 -74.2319031758578 13
1623754972573 -74.2319031758578 14
1623754994206 -86.27739762994227 15
1623755011790 -46.984519441148315 16
1623755027216 -46.984519441148315 17
1623755051953 -61.67553653527146 18
1623755075770 -61.67553653527146 19
1623755098152 -6.236576721098951 20
1623755123261 -6.236576721098951 21
1623755144752 5.333522716577027 22
1623755163818 5.333522716577027 23
1623755185400 -58.83457133340356 24
1623755206167 -4.520198937409569 25
1623755229150 -8.177036922513546 26
1623755247950 -22.111461793227242 27
1623755269603 -44.939271142851005 28
1623755293393 -10.603183390086599 29
1623755317217 1.029495297371548 30
1623755343142 25.11085476548069 31
1623755365836 55.82636776754257 32
1623755388912 55.82636776754257 33
1623755413444 14.178194446989622 34
1623755438498 -7.890602607824843 35
1623755462111 -7.890602607824843 36
1623755488060 -18.260944335932624 37
1623755513936 29.532898768528934 38
1623755535374 29.532898768528934 39
1623755562883 41.073166150980356 40
1623755587603 41.073166150980356 41
1623755613115 12.874189476577268 42
1623755642781 20.571206883987465 43
1623755666548 24.035668469886584 44
1623755692429 10.008061984780028 45
1623755715526 21.34396075167739 46
1623755747370 67.10038186474034 47
1623755780662 44.26839842871794 48
1623755814354 59.60281257608665 49
1623755846960 59.60281257608665 50
1623755878430 76.6676644536029 51
1623755909340 76.0320448410954 52
1623755944517 60.80690073820308 53
1623755987424 77.54593128597006 54
1623756035310 78.57573862381184 55
1623756087962 107.25131961838079 56
1623756149184 160.69717852108118 57
1623756224804 152.63867928894015 58
1623756301715 129.04302978096317 59
1623756413862 154.06148137368854 60
1623756531703 154.06148137368854 61
1623756663514 136.71136982276644 62
1623756838050 146.05257429795893 63
1623756988370 202.71643268977573 64
1623757176291 202.71643268977573 65
1623757387284 153.16015103311102 66
1623757571057 123.82223892436063 67
1623757759985 208.15107796425067 68
1623757890393 115.69352646172152 69
1623758071733 175.24658980233315 70
1623758259385 196.53199995172156 71
1623758450007 150.928601170146 72
1623758633508 193.261656404194 73
1623758783729 186.3426606340282 74
1623758999531 184.47986430031352 75
1623759178726 210.52378021898417 76
1623759366249 210.52378021898417 77
1623759570856 213.51680059658992 78
1623759737889 200.3138532396192 79
1623759931348 192.8403924211681 80
1623760044332 189.2572932968642 81
1623760219552 162.8773219919302 82
1623760338452 198.7043429442841 83
1623760544150 198.7043429442841 84
1623760699713 192.65241448692063 85
1623760866010 177.73877951171897 86
1623761041127 197.28823101059547 87
1623761223084 192.75014684202603 88
1623761421451 198.8856197769964 89
1623761606284 198.8856197769964 90
1623761799275 248.99021297888675 91
1623761996897 230.65915215641562 92
1623762229161 233.73184783792152 93
1623762403090 211.6408466285897 94
1623762602577 218.43625048530444 95
1623762787607 226.26481413592666 96
1623762985526 247.89114956665873 97
1623763174664 252.334500467104 98
1623763323379 252.334500467104 99
1623763464388 209.55777432879478 100
1623763669540 209.55777432879478 101
1623763803488 242.38785259919936 102
1623763960359 242.38785259919936 103
1623764133516 214.2172636010228 104
1623764260967 257.89666882381266 105
1623764453636 251.30351358055913 106
1623764624629 244.1532971797843 107
1623764806649 235.77428287901662 108
1623764969935 251.5071792965317 109
1623765144917 233.87089057757765 110
1623765283598 216.75934736306263 111
1623765476383 231.85623389521479 112
1623765681601 237.68779738674635 113
1623765842574 232.51637351863013 114
1623766001331 283.2738773401219 115
1623766151590 273.4817789712069 116
1623766321651 254.46751381014082 117
1623766510873 253.74761521108226 118
1623766680573 246.8560689069643 119
1623766842715 262.7406375333484 120
1623767044109 257.13240141211435 121
1623767199951 266.04215034234375 122
1623767369995 264.83585287216357 123
1623767521246 264.83585287216357 124
1623767684477 259.8979029720118 125
1623767853425 259.8979029720118 126
1623768042474 253.92272999285646 127
1623768229211 259.7673368086458 128
1623768412338 250.3726930205422 129
1623768550496 263.4060861033391 130
1623768702668 263.4060861033391 131
1623768885899 251.7408972812694 132
1623769047965 254.19980988947927 133
1623769205857 262.8598203687858 134
1623769368160 263.00639320783824 135
1623769540620 260.58463250351167 136
1623769703998 258.417718030424 137
1623769851268 258.417718030424 138
1623769989953 268.69232307767066 139
1623770107006 265.2996740124072 140
1623770287964 259.4737576267183 141
1623770442700 242.91594039491451 142
1623770586254 259.9532599278376 143
1623770755372 259.66506623990534 144
1623770917530 260.12368954466945 145
1623771058520 263.54472620254967 146
1623771222244 266.0992010508809 147
1623771364116 263.4711689497236 148
1623771515903 274.1123509985242 149
1623771691571 274.1123509985242 150
1623771854289 261.9418738613552 151
1623772001005 271.92373000641095 152
1623772167345 271.92373000641095 153
1623772348101 262.2759664305139 154
1623772522528 246.38040250452022 155
1623772673400 253.04602762802375 156
1623772827446 266.1379145555972 157
1623772967304 277.2571775365594 158
1623773098110 277.2571775365594 159
1623773271938 263.17924123527547 160
1623773425159 260.5616798759791 161
1623773558827 270.88625451428334 162
1623773729981 270.88625451428334 163
1623773902307 254.97555042275008 164
1623774124125 261.47579047031326 165
1623774308725 261.47579047031326 166
1623774508269 248.51344998130853 167
1623774702725 274.5662093151381 168
1623774914601 274.5662093151381 169
1623775093098 269.78545737721544 170
1623775259296 269.78545737721544 171
1623775390453 281.3405267662339 172
1623775551629 275.50609115861727 173
1623775668398 268.1610981764399 174
1623775810865 266.0885112347211 175
1623775940357 256.3596127720442 176
1623776104608 255.7666845753874 177
1623776265429 266.33004445165545 178
1623776422675 264.0756471505647 179
1623776571500 274.0910279391508 180
1623776714426 274.0910279391508 181
1623776881581 270.8602675902447 182
1623777023136 266.0336302325985 183
1623777156645 276.7231010418076 184
1623777300827 276.7231010418076 185
1623777443264 263.42988392543947 186
1623777627505 263.42988392543947 187
1623777789645 253.74514739262136 188
1623777963918 251.70376868011869 189
1623778133361 249.32066467057834 190
1623778277267 261.71566717291546 191
1623778412528 263.05948537133577 192
1623778553258 264.62943246535696 193
1623778706468 270.43201276226546 194
1623778854581 266.7776476899377 195
1623779008326 262.3238467560555 196
1623779147066 261.9391102432979 197
1623779302848 262.5402099171935 198
1623779457487 268.09079369513336 199
1623779612871 267.2540808604334 200
1623779779587 269.061241917478 201
1623779956037 269.061241917478 202
1623780114388 263.425260314557 203
1623780264923 265.9060673198043 204
1623780399832 265.9060673198043 205
1623780560067 267.15476553757696 206
1623780704271 266.1535390205041 207
1623780838695 275.9008548165048 208
1623780982621 269.07916708798 209
1623781143516 275.6552498524026 210
1623781272188 276.5275154931796 211
1623781410204 276.5275154931796 212
1623781552660 278.2918714233959 213
1623781706354 278.2918714233959 214
1623781844585 287.64589699316656 215
1623781999633 287.64589699316656 216
1623782148539 276.6635564043211 217
1623782284554 270.9813433020193 218
1623782413133 270.9813433020193 219
1623782534796 286.69260713654296 220
1623782644600 283.10075724279295 221
1623782797725 282.26290230746434 222
1623782955373 265.20070252961966 223
1623783091382 276.88413815640945 224
1623783224582 283.2211759826504 225
1623783383107 282.91458597049154 226
1623783521954 271.1334341094525 227
1623783657176 278.6688707131183 228
1623783780512 279.50642173320466 229
1623783918136 279.50642173320466 230
1623784035437 294.5940806837017 231
1623784188121 291.9480131719653 232
1623784296041 294.6777770211853 233
1623784411607 294.6777770211853 234
1623784523494 283.6846039677649 235
1623784654166 283.6846039677649 236
1623784775671 280.7374386439867 237
1623784904788 284.42567085302534 238
1623785013837 284.27123736150486 239
1623785147349 280.3111839285014 240
1623785250546 280.210401531746 241
1623785370831 278.4129153946248 242
1623785501904 272.1589604999448 243
1623785616201 284.150911485984 244
1623785745763 283.61412295994796 245
1623785851497 287.56296532191493 246
1623785994988 286.91408159363544 247
1623786107841 290.65616684159056 248
1623786230835 290.65616684159056 249
1623786377975 278.73499097305586 250
1623786503702 277.3048841554412 251
1623786595518 292.85721715194825 252
1623786726725 292.85721715194825 253
1623786849076 265.8745272787596 254
1623786954577 281.65396713206917 255
1623787061031 289.87191481321275 256
1623787179166 289.87191481321275 257
1623787300590 273.8490515811858 258
1623787427452 275.745084809825 259
1623787552656 275.745084809825 260
1623787693869 270.9993933002939 261
1623787805017 297.35333571986826 262
1623787895851 301.77863827608155 263
1623788025791 300.37327074994516 264
1623788168300 283.4818043200309 265
1623788282820 278.80067562853174 266
1623788398993 283.71733193521607 267
1623788525277 293.2485969201549 268
1623788640890 293.2485969201549 269
1623788753457 284.5958987740739 270
1623788862146 278.72095396144016 271
1623788971562 281.6255957465474 272
1623789096441 284.22893743906343 273
1623789231969 284.22893743906343 274
1623789336865 276.74180097417985 275
1623789432862 294.4152272713469 276
1623789519978 294.4152272713469 277
1623789624040 295.10007250031805 278
1623789757863 293.0582459208873 279
1623789870495 272.3303795452317 280
1623789992736 277.7730663159082 281
1623790104407 277.7730663159082 282
1623790191125 300.4170797776793 283
1623790316011 300.4170797776793 284
1623790420142 280.40732855604807 285
1623790552094 277.1853768541969 286
1623790656541 280.9010699958474 287
1623790783424 280.9010699958474 288
1623790921721 273.7865591345709 289
1623791012810 273.7865591345709 290
1623791106415 277.16107463021854 291
1623791220798 277.29716728875553 292
1623791331167 277.7588053147796 293
1623791421562 277.4113477651305 294
1623791526319 282.36008734705655 295
1623791629547 283.6289943014669 296
1623791719940 294.1218102710361 297
1623791809876 294.1218102710361 298
1623791913170 285.2788769419159 299
1623792012268 296.9564102815592 300
1623792110573 296.20565373997727 301
1623792238254 296.20565373997727 302
1623792335849 283.4029317624025 303
1623792421260 298.6587244140481 304
1623792535651 297.48110611464364 305
1623792631869 280.5952964962238 306
1623792735575 289.3460686184341 307
1623792864448 288.79215992374077 308
1623792968902 284.12605475772585 309
1623793089353 279.67510758718987 310
1623793199141 279.67510758718987 311
1623793291197 278.31880315828505 312
1623793384468 284.32647396518604 313
1623793472490 284.58373155014283 314
1623793583534 284.58373155014283 315
1623793690228 288.7488056022097 316
1623793781089 288.7488056022097 317
1623793893126 271.53278263157165 318
1623793995269 296.6624847362844 319
1623794094719 292.9372959616432 320
1623794216449 285.56454773185067 321
1623794324607 293.59496265152984 322
1623794451617 293.0212358578397 323
1623794585098 281.79973528718557 324
1623794719988 280.18841503970555 325
1623794820758 280.18841503970555 326
1623794934027 284.406191284336 327
1623795049941 284.304614161456 328
1623795159095 270.1996696218932 329
1623795256892 280.6196032195574 330
1623795352346 280.6196032195574 331
1623795444173 295.64095379017397 332
1623795569961 294.01524208500626 333
1623795683735 292.04543979189015 334
1623795792374 275.80663846303446 335
1623795903562 275.80663846303446 336
1623796009378 289.97994019691 337
1623796115404 289.97994019691 338
1623796233702 284.4583291469217 339
1623796355109 283.2022020078933 340
1623796484626 286.2918462463796 341
1623796655620 286.2918462463796 342
1623796822182 278.99370925284217 343
1623797004228 290.04571746833767 344
1623797178095 290.04571746833767 345
1623797381372 278.9728808734351 346
1623797547960 291.2821124581993 347
1623797707618 299.25093080800116 348
1623797850713 299.25093080800116 349
1623798026480 291.0424120347686 350
1623798167180 287.11833283734825 351
1623798278869 287.297323809035 352
1623798426155 287.297323809035 353
1623798563641 284.53218938085666 354
1623798685926 288.6106017840161 355
1623798803981 287.75876910166 356
1623798927640 287.85140147800183 357
1623799069035 286.84713446724777 358
1623799201936 286.74570658855566 359
1623799322567 283.97011230295726 360
1623799448510 272.829219768835 361
1623799584189 279.1863278851366 362
1623799718323 279.1863278851366 363
1623799872090 284.3993393971723 364
1623800017484 284.3993393971723 365
1623800135994 289.25912024548586 366
1623800252136 289.0756515358877 367
1623800386127 289.80821030760836 368
1623800491834 289.80821030760836 369
1623800601219 274.4860041734033 370
1623800740640 276.46273797319265 371
1623800875565 278.67402391671686 372
1623801020703 278.67402391671686 373
1623801146888 287.37951222683074 374
1623801273878 287.3566945545118 375
1623801408719 297.65695296307894 376
1623801538777 297.65695296307894 377
1623801704700 289.25924376603416 378
1623801874916 284.32051668414044 379
1623802004297 276.39720165517485 380
1623802123303 289.2465576967802 381
1623802265053 294.61430146656244 382
1623802389559 293.6714956905759 383
1623802545869 278.5946515563145 384
1623802684855 281.9090562724106 385
1623802833870 280.5872896619698 386
1623802955285 282.67463958161073 387
1623803057215 282.51645734639084 388
1623803177664 280.68967448108776 389
1623803281704 283.01900100719 390
1623803394486 279.8847962941386 391
1623803503197 293.2027600990108 392
1623803612012 291.36262297735647 393
1623803707283 289.3685392395503 394
1623803808442 288.32702774402844 395
1623803893846 279.15533145773185 396
1623804000087 293.36328278492635 397
1623804103284 293.36328278492635 398
1623804196861 281.79197269109375 399
