1623754722520 -2653.6835006097012 0
1623754745873 -718.019261761218 1
1623754765058 -493.16779068820523 2
1623754784089 -241.52634199655463 3
1623754802807 -122.50647560373527 4
1623754820097 -121.8986007571978 5
1623754836485 -138.76635507227343 6
1623754853825 -128.85976927793354 7
1623754868902 -124.65198503139882 8
1623754885348 -105.26151751857651 9
1623754899942 -133.55253259147756 10
1623754916897 -128.28095965774978 11
1623754934279 -152.67038689739132 12
1623754954318 -149.78493728558652 13
1623754972566 -138.6117847040346 14
1623754994200 -143.79259741929516 15
1623755011785 -151.6879227192603 16
1623755027210 -141.01971669361046 17
1623755051945 -125.23667777221799 18
1623755075763 -112.7752496992754 19
1623755098142 -92.4443420117813 20
1623755123252 -108.26054764134437 21
1623755144744 -125.36380569257929 22
1623755163811 -135.52073799981778 23
1623755185394 -109.5340217842984 24
1623755206159 -69.92985036925624 25
1623755229145 -110.61217869294038 26
1623755247945 -87.8896665462518 27
1623755269598 -94.82846881641436 28
1623755293388 -87.83122376581838 29
1623755317213 -118.20381247957118 30
1623755343132 -112.95823284338084 31
1623755365829 -63.0175194795338 32
1623755388905 -58.938499932083516 33
1623755413438 -101.39376674156108 34
1623755438491 -117.56047822422678 35
1623755462106 -100.98873191498947 36
1623755488053 -104.01478654944557 37
1623755513931 -74.5228072818463 38
1623755535367 -62.743631568816774 39
1623755562877 -77.90515528610777 40
1623755587598 -101.21879537830766 41
1623755613109 -67.58431784356601 42
1623755642776 -51.77865272055908 43
1623755666539 -82.84731034707755 44
1623755692424 -77.16783949391584 45
1623755715520 -76.36979373482721 46
1623755747362 -62.64782438605039 47
1623755780656 -96.9673064933153 48
1623755814346 -68.4183664673694 49
1623755846955 -95.11690198120691 50
1623755878425 -69.31482269328248 51
1623755909333 -87.41606339578621 52
1623755944512 -84.704507005978 53
1623755987419 -72.50518953197229 54
1623756035304 -60.12354664579359 55
1623756087956 -42.536224522546206 56
1623756149176 -29.240388300642206 57
1623756224798 -28.23957820809908 58
1623756301710 -30.925708945305654 59
1623756413855 -53.120741211594336 60
1623756531696 -26.16431964947078 61
1623756663506 17.312444689323822 62
1623756838043 16.417469319197863 63
1623756988363 44.18860646813721 64
1623757176285 12.791975638578304 65
1623757387275 48.92776598447819 66
1623757571051 10.3812679005684 67
1623757759979 46.39336340602248 68
1623757890384 -2.2425532298697135 69
1623758071727 42.711516295024225 70
1623758259379 39.30620421827914 71
1623758449998 47.68994867444762 72
1623758633499 50.46206278580988 73
1623758783721 41.25983861847823 74
1623758999525 64.90573166603758 75
1623759178720 67.49220379923935 76
1623759366243 54.50686508256317 77
1623759570849 67.18778379739693 78
1623759737881 57.711445848500055 79
1623759931341 49.532946058680274 80
1623760044323 3.4786707382121818 81
1623760219546 57.05587004686039 82
1623760338445 34.76320546680155 83
1623760544144 55.76145195925094 84
1623760699706 60.24270882774367 85
1623760866004 59.259012093359935 86
1623761041117 58.9209233305215 87
1623761223077 72.65600915123206 88
1623761421441 92.42868027474091 89
1623761606275 60.37025555506953 90
1623761799267 103.40844812068858 91
1623761996887 38.81346049868838 92
1623762229153 31.557247428312373 93
1623762403081 72.80920777342229 94
1623762602571 105.59162978632351 95
1623762787599 153.85799281359232 96
1623762985520 121.87422045453756 97
1623763174658 119.90242941772999 98
1623763323372 88.78253683918933 99
1623763464382 88.6423175558752 100
1623763669532 77.00055957846598 101
1623763803478 118.73292504862192 102
1623763960349 92.56717493345593 103
1623764133510 50.50534560822662 104
1623764260961 60.82525439013931 105
1623764453629 127.70500475502404 106
1623764624621 87.33934642840657 107
1623764806641 104.50877898171066 108
1623764969928 83.86261626381852 109
1623765144910 89.20544559080983 110
1623765283592 65.5890617384779 111
1623765476373 104.52350317793223 112
1623765681594 127.03098991652534 113
1623765842567 108.72890325625583 114
1623766001321 160.75067545125543 115
1623766151581 121.24187604872232 116
1623766321643 131.40224434598858 117
1623766510865 163.88001879656264 118
1623766680565 136.22949152047667 119
1623766842707 159.00823179069445 120
1623767044100 118.64486339632666 121
1623767199942 118.7709913206439 122
1623767369989 148.58153366799525 123
1623767521240 154.8552747259034 124
1623767684458 161.95955579783478 125
1623767853418 124.37593232209574 126
1623768042467 156.938732495461 127
1623768229203 164.30169036793177 128
1623768412330 179.74338076770894 129
1623768550490 138.84906174482236 130
1623768702657 142.45890994237934 131
1623768885892 192.41116709136003 132
1623769047957 177.49298934935078 133
1623769205849 178.6604255612022 134
1623769368152 197.6659522639166 135
1623769540613 206.47157838262237 136
1623769703992 218.42226080898723 137
1623769851262 168.63568283177145 138
1623769989945 190.10677693982197 139
1623770106999 149.10042903697712 140
1623770287957 182.49255941504222 141
1623770442693 198.2117337715304 142
1623770586246 129.03181728336332 143
1623770755366 190.4975141443761 144
1623770917522 233.03313606555267 145
1623771058512 231.5896406630261 146
1623771222229 214.2575073533938 147
1623771364109 165.08528699561404 148
1623771515896 185.63551413693003 149
1623771691564 222.0642266806886 150
1623771854282 227.1733839932039 151
1623772000997 196.64006288941843 152
1623772167338 217.24375589333476 153
1623772348093 208.33963770829115 154
1623772522520 217.1105056049566 155
1623772673391 191.85708513531873 156
1623772827438 194.74868426185466 157
1623772967297 166.00915667910795 158
1623773098101 193.14258141939771 159
1623773271926 225.77348388498302 160
1623773425151 233.38486537419436 161
1623773558819 236.0841941162149 162
1623773729962 219.53815613108463 163
1623773902298 208.83255627065597 164
1623774124112 220.10911918529283 165
1623774308714 203.56582301679697 166
1623774508258 216.825548707529 167
1623774702717 209.0310892239351 168
1623774914590 218.8505473250565 169
1623775093091 222.7958672380342 170
1623775259289 230.62920668025646 171
1623775390445 206.30902291822986 172
1623775551612 220.47910509436306 173
1623775668385 212.9569329452098 174
1623775810845 225.90795518688464 175
1623775940338 190.2144463602753 176
1623776104590 226.0489232058852 177
1623776265421 221.07130413139458 178
1623776422667 177.48176075483966 179
1623776571493 207.77581530932443 180
1623776714418 190.8987848233487 181
1623776881573 212.69283272730863 182
1623777023126 223.41141729387454 183
1623777156636 241.29397631292667 184
1623777300819 250.7766427707166 185
1623777443255 215.18514950570693 186
1623777627486 211.6704526250024 187
1623777789628 230.6643183361145 188
1623777963901 239.10363519319608 189
1623778133342 236.1691350063189 190
1623778277257 237.33554514922866 191
1623778412511 255.97402861500115 192
1623778553249 220.00663734011604 193
1623778706459 221.04009475680218 194
1623778854560 248.0082330362956 195
1623779008316 238.42572792251343 196
1623779147053 245.69462223699043 197
1623779302840 216.41492213831506 198
1623779457478 254.07162954007973 199
1623779612857 241.0090449724534 200
1623779779567 243.54498524098622 201
1623779956015 241.96025310784898 202
1623780114376 246.5318193078016 203
1623780264907 250.95650677755833 204
1623780399823 241.98154684296975 205
1623780560057 226.38546582918025 206
1623780704260 238.53530363743306 207
1623780838674 207.84800841757902 208
1623780982613 233.56672479015324 209
1623781143506 230.44951707547733 210
1623781272169 258.49667153545306 211
1623781410184 196.67218599674038 212
1623781552650 227.42269626893102 213
1623781706344 249.64808221788152 214
1623781844575 176.69335339849198 215
1623781999615 230.15911113883294 216
1623782148531 234.50332628922303 217
1623782284543 249.71021833796652 218
1623782413119 246.87232358719197 219
1623782534787 229.43845325283627 220
1623782644581 179.6704685136511 221
1623782797713 229.07177492886711 222
1623782955364 248.0485988152287 223
1623783091373 240.11156951081165 224
1623783224561 269.65730618375585 225
1623783383084 255.22080092593396 226
1623783521940 200.1151499731879 227
1623783657168 264.7676484870136 228
1623783780503 270.6235713007066 229
1623783918124 259.91817529475117 230
1623784035426 264.66847016376516 231
1623784188105 235.94635938600095 232
1623784296031 238.50252373745647 233
1623784411592 262.91364462466515 234
1623784523474 266.1666641924681 235
1623784654148 272.34648703601835 236
1623784775662 243.81675099751692 237
1623784904772 247.295997154399 238
1623785013828 276.64314583720613 239
1623785147339 269.91146633855334 240
1623785250532 273.5594438323352 241
1623785370821 260.0560676668907 242
1623785501894 261.1552534110259 243
1623785616191 209.33070035002817 244
1623785745751 258.1429020344708 245
1623785851487 267.7159184385544 246
1623785994973 241.6094512127667 247
1623786107830 265.76485586043896 248
1623786230827 249.97629914220983 249
1623786377956 254.91618282112603 250
1623786503692 267.4121412425519 251
1623786595509 271.4598686747658 252
1623786726716 256.7304213873096 253
1623786849057 259.146702589372 254
1623786954563 262.5062241834072 255
1623787061010 241.49292823425668 256
1623787179148 266.64431454424346 257
1623787300570 246.8826753271861 258
1623787427442 252.71746076393478 259
1623787552647 263.97441283576575 260
1623787693857 259.94138565989834 261
1623787804997 245.88458801219994 262
1623787895838 248.4492104275495 263
1623788025779 270.8985395033707 264
1623788168290 272.286229173858 265
1623788282809 269.73723292826713 266
1623788398984 274.71984957131485 267
1623788525261 279.9063556481152 268
1623788640880 276.0394441219639 269
1623788753445 232.1782479073564 270
1623788862135 251.03027266727776 271
1623788971551 253.62586049993 272
1623789096432 277.08136947985383 273
1623789231956 265.0577128437849 274
1623789336852 265.544541069173 275
1623789432851 247.85729254236313 276
1623789519969 242.5864213030439 277
1623789624027 245.5725172040216 278
1623789757851 256.92245472248493 279
1623789870485 259.1522809533443 280
1623789992725 269.3752026530243 281
1623790104397 259.6460418461154 282
1623790191114 263.1081000166618 283
1623790316001 228.52850411688115 284
1623790420133 272.75440715385696 285
1623790552081 260.2742340583429 286
1623790656531 263.6646667990843 287
1623790783404 262.64931398304805 288
1623790921707 266.42710828050963 289
1623791012798 268.4872525484271 290
1623791106405 270.37155313740334 291
1623791220784 273.41492874919453 292
1623791331154 254.60956063513072 293
1623791421545 248.99745219260802 294
1623791526307 232.6787051331233 295
1623791629536 229.99144572571058 296
1623791719930 249.32350340761778 297
1623791809865 267.46097822765216 298
1623791913159 229.63332011099027 299
1623792012245 246.0042753388444 300
1623792110562 245.34203319209027 301
1623792238242 229.8968838659536 302
1623792335836 271.1441991578453 303
1623792421246 239.10912158130455 304
1623792535641 255.57510191878322 305
1623792631858 232.93503638820988 306
1623792735565 241.05291978771766 307
1623792864432 275.7490444242103 308
1623792968891 268.4445361947236 309
1623793089329 271.55382174950415 310
1623793199117 270.7097654214069 311
1623793291177 265.05891089295613 312
1623793384457 267.90027887910225 313
1623793472467 218.42229272392382 314
1623793583517 259.8170885864987 315
1623793690200 237.20775963005946 316
1623793781079 257.92537304166007 317
1623793893114 260.56762600784043 318
1623793995246 244.71469952292392 319
1623794094707 260.15745197709305 320
1623794216435 275.7222677773986 321
1623794324592 230.63935363033266 322
1623794451604 273.0111579038229 323
1623794585082 235.1899522711157 324
1623794719976 274.7721598269213 325
1623794820747 220.2634116606486 326
1623794934002 230.33127572336383 327
1623795049929 263.3187713557053 328
1623795159085 256.4944873502843 329
1623795256881 258.1583529522344 330
1623795352331 229.1249407313554 331
1623795444160 239.95785593986625 332
1623795569948 285.77512767812505 333
1623795683719 272.228147512189 334
1623795792362 269.2666388813674 335
1623795903544 257.0200056561333 336
1623796009367 259.3040621858208 337
1623796115389 210.32709694216436 338
1623796233689 232.88118611775153 339
1623796355095 278.5687166339383 340
1623796484610 222.3902360603773 341
1623796655603 208.3106449764904 342
1623796822166 271.07352654577716 343
1623797004201 277.9418553486438 344
1623797178075 270.9780112914606 345
1623797381341 270.52796300520777 346
1623797547929 257.11727769011156 347
1623797707594 247.40429742859868 348
1623797850701 285.5635377765623 349
1623798026463 275.80779347223705 350
1623798167160 277.38943939701704 351
1623798278852 281.7623678405365 352
1623798426141 257.70157009145015 353
1623798563622 225.4609265867085 354
1623798685910 278.456725226715 355
1623798803962 263.08461927252563 356
1623798927625 236.82812254762862 357
1623799069012 236.69702011625677 358
1623799201918 281.11288703981046 359
1623799322555 214.05063433634496 360
1623799448497 223.54275085657983 361
1623799584163 230.69640568839003 362
1623799718307 269.6602655966156 363
1623799872047 271.834651412314 364
1623800017472 259.72001970352204 365
1623800135981 262.3523129034089 366
1623800252111 279.1938282372108 367
1623800386113 282.9937316347904 368
1623800491817 268.1808934605444 369
1623800601206 220.56877606032194 370
1623800740627 228.196384318953 371
1623800875553 272.8045305132994 372
1623801020690 262.75268948187613 373
1623801146858 234.0777918658081 374
1623801273860 262.6280510801569 375
1623801408700 198.8270665220292 376
1623801538758 233.2756516294569 377
1623801704676 261.6737870605622 378
1623801874902 270.0021662677893 379
1623802004281 269.54079986838104 380
1623802123285 273.4663349538324 381
1623802265039 284.2864438857616 382
1623802389541 273.1576065305029 383
1623802545853 259.0908193783995 384
1623802684840 183.39267570645603 385
1623802833853 259.66211525254755 386
1623802955272 272.30408686957253 387
1623803057190 267.5155894076752 388
1623803177653 268.8321408224825 389
1623803281692 218.53213610724987 390
1623803394473 224.81776918938522 391
1623803503185 239.58582377672445 392
1623803612000 282.6369233173484 393
1623803707261 236.00417230109332 394
1623803808422 268.3644211898558 395
1623803893835 271.1358283128699 396
1623804000075 276.2891113448234 397
1623804103272 277.933784316708 398
1623804196848 268.71731896346716 399
