1623754607563 -536.8603482941863 0
1623754626928 -118.27714427231264 1
1623754637942 -121.45909241809494 2
1623754649269 -121.49312275682377 3
1623754660745 -116.4103035942855 4
1623754672736 -118.66579545263045 5
1623754686128 -129.51870581730012 6
1623754701188 -127.94602637313652 7
1623754714206 -91.54884704838246 8
1623754727023 -96.86665265637649 9
1623754739799 -117.3823636130231 10
1623754753307 -125.52370666468194 11
1623754768086 -139.08116772337974 12
1623754783105 -146.25956599899763 13
1623754798546 -133.9783922067667 14
1623754816475 -135.1443092076694 15
1623754832058 -135.26856518968611 16
1623754845824 -126.55283626881415 17
1623754862837 -98.12181054259449 18
1623754880541 -92.14049206598226 19
1623754901178 -60.355241469979894 20
1623754921756 -76.30164749456674 21
1623754939979 -102.96271560610485 22
1623754958069 -100.43829252548511 23
1623754977493 -87.23030255869527 24
1623755002703 -10.839841106455914 25
1623755020195 -49.970391014613654 26
1623755038048 -72.27585250976594 27
1623755068866 -45.11258222853229 28
1623755087313 -50.592271985500965 29
1623755106496 -76.4605459949531 30
1623755126042 -82.28691441325076 31
1623755144108 2.425203817113309 32
1623755160497 -16.62341044980709 33
1623755177095 -54.15931182945726 34
1623755193281 -83.31411126111176 35
1623755211569 -85.58917199065151 36
1623755229734 -107.86628993979292 37
1623755247920 -56.35797691429892 38
1623755263779 -57.880587463386284 39
1623755285113 -64.3956578549685 40
1623755308211 -80.81875506485397 41
1623755330754 -67.58962179713154 42
1623755357666 -45.68267633922867 43
1623755378195 -58.81813733061137 44
1623755399622 -71.50023708647295 45
1623755418976 -62.50206517763702 46
1623755441127 -50.584386673670124 47
1623755461268 -73.02518807220474 48
1623755478655 -82.09963030400317 49
1623755501893 -92.13801214162291 50
1623755522079 -73.14891889966911 51
1623755540418 -103.51920766278289 52
1623755558622 -136.38131701814126 53
1623755574703 -102.9048235525018 54
1623755591845 -100.70442748685558 55
1623755609229 -45.886224810155596 56
1623755628131 -45.17009392806537 57
1623755645765 -53.17235588317132 58
1623755661956 -61.22953398613576 59
1623755678229 -106.33209659256228 60
1623755696033 -84.47937485820238 61
1623755713387 -82.78494049841271 62
1623755734406 -49.61507180801067 63
1623755752513 -56.496775386467604 64
1623755774906 -49.494369808398616 65
1623755797433 -43.44914283863507 66
1623755821130 -60.429514771952036 67
1623755840431 -88.09324517657333 68
1623755856804 -100.08407844247623 69
1623755873013 -55.78462517171445 70
1623755887414 -67.57824838403441 71
1623755903444 -92.01513483998673 72
1623755921870 -81.11376203949227 73
1623755939108 -89.87096057354326 74
1623755955229 -73.62517921241779 75
1623755976947 -72.54857833981339 76
1623755995542 -79.03507422295381 77
1623756017476 -63.306081690725684 78
1623756034232 -64.3306914375869 79
1623756055724 -22.02887963536216 80
1623756072217 -69.5845899797935 81
1623756090105 -96.06322543542974 82
1623756106253 -108.7963280769364 83
1623756126532 -49.72246745292217 84
1623756142469 -50.7147800184065 85
1623756163135 -29.66453265682212 86
1623756180698 -62.42702996578917 87
1623756199431 -91.30721005400164 88
1623756220632 -24.256056509757535 89
1623756237488 -67.7857126473447 90
1623756252030 -123.89899826347444 91
1623756270993 -76.39463008965612 92
1623756291196 -80.7457729339178 93
1623756310738 -68.20515233619393 94
1623756329257 -19.799897605916755 95
1623756347925 -37.04847650846033 96
1623756364311 -66.67730066392271 97
1623756381759 -80.50557275810316 98
1623756399176 -92.61532795833429 99
1623756415524 -60.140706352221684 100
1623756430835 -59.37119355805264 101
1623756444671 -89.09175257066681 102
1623756460252 -115.80207844681661 103
1623756476643 -98.37927301665547 104
1623756491473 -81.5810057352768 105
1623756509115 -56.069146203918926 106
1623756530997 -30.16708839560426 107
1623756548884 -47.44510531414273 108
1623756575492 -24.86845958511556 109
1623756598471 -51.69632144796287 110
1623756614383 -92.25213607826349 111
1623756636142 -53.65112314901495 112
1623756654786 -72.96622415140968 113
1623756671243 -71.40181929331439 114
1623756685899 -79.16955296668822 115
1623756708209 -75.41019949190921 116
1623756725915 -92.83662967405392 117
1623756748338 -23.2242397119804 118
1623756770500 -46.74063220956002 119
1623756786645 -68.17088131651143 120
1623756808647 -35.908788710173795 121
1623756825478 -59.0936502018194 122
1623756842141 -78.60316737450984 123
1623756860681 -48.079046702406394 124
1623756883857 -51.607658553781604 125
1623756903626 -52.29408888981077 126
1623756921826 -59.5476185941807 127
1623756943938 -69.68457786329697 128
1623756973485 -50.422957883395576 129
1623756998845 -59.63445002397556 130
1623757021206 -84.4878649582005 131
1623757048333 -40.138649914949454 132
1623757071220 -42.60382383371373 133
1623757095248 -49.94342028889785 134
1623757114093 -73.40057823538861 135
1623757146214 -34.377105334663305 136
1623757169653 -53.401228998861015 137
1623757205288 -37.216296123498026 138
1623757222574 -60.51739421837032 139
1623757245173 -82.0593513074224 140
1623757274896 -3.933572719988693 141
1623757300637 -14.373823171570798 142
1623757326218 -58.506175598421784 143
1623757346111 -64.08194594963878 144
1623757368698 -38.825969126662976 145
1623757387544 -68.54485668037816 146
1623757423577 -27.261803958920108 147
1623757454382 -36.94860619732501 148
1623757488789 -35.0011433798469 149
1623757536309 18.887609385315784 150
1623757556069 -22.121734121577056 151
1623757590074 -85.80892900173369 152
1623757616760 -45.74406805137166 153
1623757653510 -40.95692483089174 154
1623757685732 -25.792629518083217 155
1623757715858 -40.84421592762279 156
1623757741166 -78.5675042598495 157
1623757758946 -104.8931269283352 158
1623757779084 -92.46270707997354 159
1623757798045 -30.693471787622617 160
1623757816123 -44.924078717941875 161
1623757853220 -10.714013397484388 162
1623757888322 -16.443576801733556 163
1623757924475 -4.26795639877765 164
1623757957086 -6.204802121911978 165
1623757977535 -58.52927182192826 166
1623758008949 -43.112204218623155 167
1623758038769 -40.47507019411472 168
1623758061044 -42.473459643220146 169
1623758098066 -27.838186420631388 170
1623758172022 63.499128844467 171
1623758189381 -36.06270749745406 172
1623758209139 -122.29753106948498 173
1623758226880 -121.77911253766571 174
1623758264144 -1.401635394239717 175
1623758286303 -39.27606141130651 176
1623758320432 -43.309483816722434 177
1623758343222 -59.63094311025598 178
1623758366090 -93.09854748554932 179
1623758384152 -96.62110775772467 180
1623758402156 -119.65790216641015 181
1623758428867 -34.93317346876772 182
1623758453616 -74.0923117925085 183
1623758472614 -92.73479620081888 184
1623758498486 -53.7273950760073 185
1623758530122 -54.60695644694257 186
1623758549446 -80.48090256206069 187
1623758575507 -64.55272844940274 188
1623758614812 -8.922431826231545 189
1623758670352 25.379746313819865 190
1623758698812 -13.762645513516752 191
1623758720611 -54.08540311151193 192
1623758754042 -47.431139416973686 193
1623758778499 -49.023279531048274 194
1623758810329 -68.69721662358842 195
1623758833012 -50.281765604261224 196
1623758852544 -64.62013555272074 197
1623758878664 -58.48174695161314 198
1623758895584 -77.56207804643812 199
1623758912918 -91.64573045077825 200
1623758929010 -106.33236894518332 201
1623758952049 -51.87168621806257 202
1623758979072 -21.001682007100666 203
1623759005029 -47.12117539682349 204
1623759041437 -19.45778630975297 205
1623759058262 -68.30884299073375 206
1623759088128 -58.4198981887333 207
1623759120015 -52.22743427110343 208
1623759139093 -76.2034376035246 209
1623759170586 -31.942318863855153 210
1623759197425 -36.58391225562145 211
1623759220276 -73.78545946049398 212
1623759247721 -85.26808020381786 213
1623759268614 -69.1431496439932 214
1623759285104 -109.10344774057039 215
1623759301347 -81.59604368913313 216
1623759336228 -21.038052257406942 217
1623759354389 -35.83116404184975 218
1623759388105 -50.308276409743115 219
1623759405902 -89.51428160161078 220
1623759424589 -117.1283205553674 221
1623759451742 -76.87557876286569 222
1623759475079 -65.23868010058023 223
1623759510689 -27.004940331040807 224
1623759534326 -57.60595897639773 225
1623759573888 -36.66317460115011 226
1623759596292 -45.36477372678402 227
1623759631439 -28.612130851963766 228
1623759668270 -17.704064551473298 229
1623759690477 -31.931508073937593 230
1623759714309 -62.92904447538114 231
1623759735345 -75.55665544130322 232
1623759751828 -78.14921448240783 233
1623759786105 -22.69423262205961 234
1623759816119 -9.430118697544478 235
1623759850905 -30.32033085450348 236
1623759904087 49.11099799150946 237
1623759927104 9.753712892242184 238
1623759954935 0.8436288607562261 239
1623759975508 -50.791515424476685 240
1623760003018 -57.402734682917774 241
1623760059184 94.25685914325175 242
1623760081511 33.22050959904026 243
1623760108813 -48.50643568070514 244
1623760130919 -47.923195804411904 245
1623760155686 -52.53962642060159 246
1623760180382 -21.007255272311927 247
1623760203603 -50.34352275454421 248
1623760264095 13.668464226379795 249
1623760292121 -4.7963102260528885 250
1623760312002 -52.46149911511279 251
1623760349698 -37.481895705428954 252
1623760384230 7.48831580791838 253
1623760423980 13.878818651298012 254
1623760451377 -14.243759607691695 255
1623760481315 1.4320420737229562 256
1623760517466 16.47725336378725 257
1623760556999 35.5754512359286 258
1623760599044 38.36241073251216 259
1623760618852 -21.914859820308685 260
1623760636119 -94.21619674913129 261
1623760655020 -117.39423934027639 262
1623760685684 -41.585578997635 263
1623760713108 -43.22678837825739 264
1623760752088 -13.715172590638337 265
1623760794152 13.554348470933999 266
1623760837173 25.809899591420027 267
1623760885493 3.19083728333025 268
1623760910592 -43.13857782818555 269
1623760933058 -46.02585495945015 270
1623760988067 40.5606897658202 271
1623761027654 15.067000664576737 272
1623761066045 -3.8879759621012044 273
1623761107850 16.564201179652176 274
1623761160879 63.35281345757637 275
1623761197526 30.486072892622772 276
1623761230401 -28.489366565926044 277
1623761265879 -50.88647576541848 278
1623761333356 0.2657939548697705 279
1623761409346 23.584250290185487 280
1623761458550 18.87339635417063 281
1623761538700 53.48311818165823 282
1623761568242 9.755120978774686 283
1623761606762 -60.606885482112055 284
1623761646975 -3.488866033228092 285
1623761697671 5.6658248571157115 286
1623761736372 65.07741928992426 287
1623761764708 21.25981842224583 288
1623761789656 -45.248034357593454 289
1623761849149 48.80914312772017 290
1623761898592 71.67503046954877 291
1623761950488 85.8027381950017 292
1623761985371 34.976975674796044 293
1623762036488 61.91242621838394 294
1623762075957 14.049972183763382 295
1623762135366 38.92929673661618 296
1623762192080 8.50024678287233 297
1623762235465 43.21949472952776 298
1623762280171 57.44315572556668 299
1623762306242 -23.16901239223188 300
1623762337640 -49.58513335836951 301
1623762362376 -53.22894650204094 302
1623762410425 54.81969747694022 303
1623762456796 21.628313281738965 304
1623762502045 85.57992159130816 305
1623762545865 80.04713140237546 306
1623762579534 72.18874978396934 307
1623762599955 -7.04403584109544 308
1623762631987 -32.32119402518261 309
1623762660891 -2.045794808264125 310
1623762696015 -1.3180122137269175 311
1623762752368 78.14148217976629 312
1623762792924 80.58963792939515 313
1623762827642 49.47324043432539 314
1623762878508 57.61138039113903 315
1623762897597 -7.850972161096953 316
1623762959715 105.35253785075882 317
1623763013885 87.22143117183258 318
1623763038380 -3.478084561350546 319
1623763083756 10.302750825932465 320
1623763115458 12.414576601881494 321
1623763145937 -34.59076767595948 322
1623763176503 -9.600547711298514 323
1623763208382 -6.7242712575861985 324
1623763248929 18.89205379649128 325
1623763302670 67.80600732009297 326
1623763333334 6.820673590787003 327
1623763372324 -9.458339953094141 328
1623763422464 36.632977695125845 329
1623763480344 47.568494265572596 330
1623763536200 72.12304549098516 331
1623763568562 36.59613290752763 332
1623763585953 -42.019004214917324 333
1623763642420 43.09500147533972 334
1623763700698 30.1985368607842 335
1623763756613 87.33978562060457 336
1623763794429 69.00189968446861 337
1623763861734 89.65044449958076 338
1623763897459 35.1522949393976 339
1623763948286 71.92435744057896 340
1623763996624 80.49194760169333 341
1623764027317 21.59532908815524 342
1623764085443 59.2178916854033 343
1623764126556 2.854564168610186 344
1623764177017 41.395166829042374 345
1623764208118 -13.10798260885666 346
1623764251957 -18.375690881954917 347
1623764277968 -28.458046051440252 348
1623764335120 86.51569992699191 349
1623764367407 27.510521326436916 350
1623764406105 -15.759650571371278 351
1623764449607 40.991807932061846 352
1623764489850 48.784715461005234 353
1623764528837 36.86102838882207 354
1623764554570 22.424839007115803 355
1623764597760 62.13026651792672 356
1623764633373 47.16595739429952 357
1623764659199 -11.952568484576581 358
1623764709773 88.58143401398671 359
1623764747417 69.29351992190071 360
1623764810600 82.73512485713532 361
1623764845859 19.72797528010987 362
1623764887962 -3.953529328600449 363
1623764934144 22.20337132387539 364
1623764982438 103.5812987428188 365
1623765029659 69.05037690799725 366
1623765087730 59.5865169574762 367
1623765142457 73.58602595182919 368
1623765197702 74.46074926607702 369
1623765259448 109.27680877521333 370
1623765296735 34.164116617362694 371
1623765329873 5.816654598791497 372
1623765375752 0.010114952095281566 373
1623765429783 30.52121899743901 374
1623765488150 15.653614043996567 375
1623765523585 -14.611087602075013 376
1623765552780 -49.15860497701574 377
1623765586187 -5.657255900122352 378
1623765621582 11.740628370879934 379
1623765663282 80.48580202894256 380
1623765689191 34.54359342452698 381
1623765717167 -29.08764995920283 382
1623765748662 7.634081792092872 383
1623765787491 33.85789933410295 384
1623765817480 6.362788172230243 385
1623765862569 69.64403139432487 386
1623765909170 108.62728298148137 387
1623765970760 123.78002566397481 388
1623766005052 27.461039513162678 389
1623766070424 68.90590773220147 390
1623766119542 78.28872555398695 391
1623766164788 36.319235374895726 392
1623766205838 6.739438622377715 393
1623766252458 26.544205109163926 394
1623766304888 85.2390296763042 395
1623766342013 38.94368518237011 396
1623766366569 -33.69142518351307 397
1623766431319 82.06225011732523 398
1623766491500 129.0558487447001 399
