1623754607566 -89.33332736322379 0
1623754626930 -40.908183510588245 1
1623754637944 -40.908183510588245 2
1623754649271 -56.97315454114115 3
1623754660750 -56.97315454114115 4
1623754672738 -83.8443077545266 5
1623754686131 -96.77323708542269 6
1623754701192 -98.5140455742883 7
1623754714209 -84.26835077222438 8
1623754727026 -62.314939617581885 9
1623754739802 -82.00787584275648 10
1623754753312 -75.93507772087149 11
1623754768089 -80.89003217396323 12
1623754783109 -86.31847974788455 13
1623754798550 -77.84026403930784 14
1623754816478 -79.45690839068774 15
1623754832061 -96.69761286855216 16
1623754845827 -78.05475827171301 17
1623754862841 -49.490295858366665 18
1623754880543 -33.247556393879776 19
1623754901184 -7.410257806612873 20
1623754921759 -3.627197667601206 21
1623754939984 -3.627197667601206 22
1623754958072 -7.860061388681018 23
1623754977495 -7.860061388681018 24
1623755002706 65.00626097261691 25
1623755020198 29.86859994368844 26
1623755038051 -43.27603068425991 27
1623755068869 12.289956238124248 28
1623755087317 12.289956238124248 29
1623755106498 -0.471921442156696 30
1623755126045 -31.45815372482695 31
1623755144110 49.58697714871153 32
1623755160499 49.5903538783718 33
1623755177097 49.5903538783718 34
1623755193283 -36.100166556519426 35
1623755211571 -56.3739465197722 36
1623755229737 -25.604419318274285 37
1623755247922 -5.805034865743832 38
1623755263782 -5.805034865743832 39
1623755285116 -10.273905473184353 40
1623755308215 -10.273905473184353 41
1623755330758 1.351294674526342 42
1623755357669 10.635936854657757 43
1623755378197 10.635936854657757 44
1623755399625 -20.783951518945265 45
1623755418978 -26.277375990585 46
1623755441131 -1.5824647643557683 47
1623755461270 -1.5824647643557683 48
1623755478658 -46.80546222402019 49
1623755501895 -19.458830115171462 50
1623755522081 -6.29640605578309 51
1623755540422 -9.382906356304346 52
1623755558624 -48.076941584182535 53
1623755574705 -19.7852500725369 54
1623755591847 -19.7852500725369 55
1623755609231 9.440212234176107 56
1623755628133 5.66608433150679 57
1623755645768 5.66608433150679 58
1623755661959 19.465156595391612 59
1623755678232 19.465156595391612 60
1623755696035 -34.06502601434445 61
1623755713390 -45.725295537258624 62
1623755734409 54.91781717697664 63
1623755752517 54.91781717697664 64
1623755774908 0.5558526609830778 65
1623755797436 51.49586200394858 66
1623755821132 45.31148591034064 67
1623755840433 -57.09482781169769 68
1623755856806 0.6244020186026716 69
1623755873016 0.6244020186026716 70
1623755887416 -35.07151655479376 71
1623755903446 -67.95867018306082 72
1623755921872 -8.698903503481858 73
1623755939111 -8.698903503481858 74
1623755955231 -54.16909150395363 75
1623755976950 -54.16909150395363 76
1623755995545 -58.61930850574853 77
1623756017479 2.679182629041273 78
1623756034235 2.679182629041273 79
1623756055726 52.26853330017487 80
1623756072219 36.98202290856237 81
1623756090107 -36.11501875241167 82
1623756106255 -36.11501875241167 83
1623756126534 -16.580728306152878 84
1623756142472 -29.937678785203463 85
1623756163137 57.8759808111907 86
1623756180700 16.067841665187462 87
1623756199433 -23.753754607311148 88
1623756220634 41.75503605184003 89
1623756237490 41.75503605184003 90
1623756252032 -44.09032219812393 91
1623756270995 -44.09032219812393 92
1623756291198 -27.25915125783822 93
1623756310740 37.494055384796724 94
1623756329259 37.494055384796724 95
1623756347928 19.857344769741523 96
1623756364313 19.857344769741523 97
1623756381761 -35.25460242513657 98
1623756399179 -35.25460242513657 99
1623756415527 -41.659569168734016 100
1623756430837 -18.634271583220634 101
1623756444674 -18.634271583220634 102
1623756460254 -64.16329263859029 103
1623756476646 -73.402887446421 104
1623756491476 -51.73250197924049 105
1623756509117 -7.338597872814196 106
1623756530999 23.24720194742256 107
1623756548886 23.24720194742256 108
1623756575494 68.44775163786066 109
1623756598474 68.44775163786066 110
1623756614387 -33.59250858075809 111
1623756636145 -9.007104125226794 112
1623756654789 -9.007104125226794 113
1623756671246 -40.67641311212104 114
1623756685901 -14.276725599567635 115
1623756708211 -11.018791518972554 116
1623756725918 -11.018791518972554 117
1623756748341 53.790994197030855 118
1623756770502 53.790994197030855 119
1623756786648 -18.165822351085467 120
1623756808650 14.569112420314815 121
1623756825482 14.569112420314815 122
1623756842145 -63.38647333257386 123
1623756860684 2.3953476541277894 124
1623756883859 -4.8142715695149745 125
1623756903629 -9.366194776310646 126
1623756921829 -3.35852769884317 127
1623756943943 -4.781232141105067 128
1623756973488 -5.383187703442326 129
1623756998852 15.514672291177183 130
1623757021209 -25.742135359411513 131
1623757048337 50.65624869838443 132
1623757071223 49.329873786854826 133
1623757095253 24.94914352064651 134
1623757114097 24.94914352064651 135
1623757146218 87.79919072984275 136
1623757169656 80.13768519589996 137
1623757205291 56.98618388410232 138
1623757222577 56.98618388410232 139
1623757245176 -18.343863200763725 140
1623757274898 72.75900324701331 141
1623757300640 72.75900324701331 142
1623757326222 16.125549058827776 143
1623757346114 -12.960202380531854 144
1623757368701 11.41478136492508 145
1623757387546 11.41478136492508 146
1623757423580 64.91575488238327 147
1623757454385 64.91575488238327 148
1623757488792 4.271144827092803 149
1623757536312 140.31157263398902 150
1623757556072 140.31157263398902 151
1623757590077 -53.38406090115819 152
1623757616763 40.12863356698477 153
1623757653512 40.12863356698477 154
1623757685736 60.301059848574255 155
1623757715861 60.301059848574255 156
1623757741169 -7.760302365038001 157
1623757758950 -21.590403955701383 158
1623757779086 -23.337773666155183 159
1623757798049 73.84763580962735 160
1623757816126 73.84763580962735 161
1623757853223 70.3367369627387 162
1623757888327 69.64482363860586 163
1623757924478 52.009418508654406 164
1623757957089 52.009418508654406 165
1623757977539 39.751356031769355 166
1623758008951 48.38236581331681 167
1623758038772 48.38236581331681 168
1623758061048 27.87373134639015 169
1623758098068 40.720910748440836 170
1623758172026 157.66409056169226 171
1623758189383 157.66409056169226 172
1623758209142 -67.42875343603824 173
1623758226883 -67.42875343603824 174
1623758264147 107.29503491929017 175
1623758286307 107.29503491929017 176
1623758320435 25.69700322405786 177
1623758343224 25.69700322405786 178
1623758366093 -30.39196214575761 179
1623758384156 -50.794186225230376 180
1623758402159 -50.794186225230376 181
1623758428870 26.88637557347438 182
1623758453619 26.826061797366776 183
1623758472617 -46.026030215685594 184
1623758498489 -14.865427665566282 185
1623758530126 6.296496334629964 186
1623758549449 3.1470670586383336 187
1623758575510 14.763262041927913 188
1623758614814 78.75591629822 189
1623758670355 143.529655641182 190
1623758698815 143.529655641182 191
1623758720615 14.877281203535215 192
1623758754044 21.05233353880745 193
1623758778502 12.309060469151603 194
1623758810333 -8.238657550441882 195
1623758833014 -10.79868046776572 196
1623758852547 -10.79868046776572 197
1623758878667 5.35763219487796 198
1623758895589 5.35763219487796 199
1623758912922 -72.15613790421189 200
1623758929013 -61.43995606400099 201
1623758952051 -2.9834767781658913 202
1623758979075 41.635755279215275 203
1623759005032 41.635755279215275 204
1623759041439 54.53863677761076 205
1623759058264 54.53863677761076 206
1623759088133 28.061950254250263 207
1623759120020 28.061950254250263 208
1623759139097 -25.61630518431623 209
1623759170589 68.64788815549518 210
1623759197427 35.2947995235112 211
1623759220279 15.819839950022535 212
1623759247724 15.939004558182635 213
1623759268617 15.939004558182635 214
1623759285106 -31.418550579789304 215
1623759301349 -31.00019333266127 216
1623759336231 46.64681639927384 217
1623759354392 46.64681639927384 218
1623759388108 -16.732636025646705 219
1623759405906 -16.732636025646705 220
1623759424592 -42.79727909662016 221
1623759451745 -5.054561954421359 222
1623759475084 -5.054561954421359 223
1623759510692 62.36373210159776 224
1623759534330 62.36373210159776 225
1623759573891 -1.4542368627974072 226
1623759596295 -1.4542368627974072 227
1623759631442 38.52067183869164 228
1623759668272 38.52067183869164 229
1623759690482 15.181991884483125 230
1623759714312 74.22185598491038 231
1623759735348 74.22185598491038 232
1623759751831 -14.886083858936349 233
1623759786109 43.01214297001113 234
1623759816122 77.63869554560134 235
1623759850907 77.63869554560134 236
1623759904090 109.509579180931 237
1623759927107 101.95198082577113 238
1623759954938 144.32112738636934 239
1623759975511 78.59213242597706 240
1623760003021 76.10131145860319 241
1623760059187 152.377099931152 242
1623760081516 152.377099931152 243
1623760108817 5.35680703792539 244
1623760130924 82.13250319353665 245
1623760155691 82.13250319353665 246
1623760180385 77.35386514475864 247
1623760203609 41.71540106435809 248
1623760264097 83.89285688903115 249
1623760292124 83.89285688903115 250
1623760312005 19.37879869969897 251
1623760349701 32.18530517712985 252
1623760384234 58.92746997262479 253
1623760423983 58.92746997262479 254
1623760451381 61.33438428719448 255
1623760481319 83.02890552053495 256
1623760517469 73.57893723143158 257
1623760557002 109.65537749458417 258
1623760599048 108.58240597979083 259
1623760618855 101.37197677849636 260
1623760636123 -22.214266013229242 261
1623760655023 -25.375294768213173 262
1623760685687 32.01176461871706 263
1623760713110 31.418756822792847 264
1623760752090 70.49916953828901 265
1623760794157 122.600151138757 266
1623760837177 122.600151138757 267
1623760885496 82.95503670016089 268
1623760910597 48.66443208004347 269
1623760933062 66.73531576345015 270
1623760988069 144.58737544349248 271
1623761027657 144.58737544349248 272
1623761066049 131.04310512642343 273
1623761107853 128.41217518147943 274
1623761160882 167.66242656873564 275
1623761197530 167.66242656873564 276
1623761230404 58.90194450009115 277
1623761265883 58.90194450009115 278
1623761333367 53.98523973306338 279
1623761409352 138.1311569204617 280
1623761458553 138.1311569204617 281
1623761538704 96.18362969728364 282
1623761568246 103.47073811760166 283
1623761606766 56.433340983788355 284
1623761646979 119.1691831649745 285
1623761697674 89.57846356365036 286
1623761736375 219.35075855072577 287
1623761764711 219.35075855072577 288
1623761789660 24.0101245193571 289
1623761849152 190.31118366343833 290
1623761898594 190.31118366343833 291
1623761950492 146.20488895598376 292
1623761985374 136.89283613475962 293
1623762036491 161.57079687295894 294
1623762075961 161.57079687295894 295
1623762135370 153.68480702304223 296
1623762192083 127.53532752761421 297
1623762235468 133.25205748201432 298
1623762280174 146.8885049421703 299
1623762306246 146.8885049421703 300
1623762337644 58.165507546762555 301
1623762362379 58.165507546762555 302
1623762410428 176.30198082132983 303
1623762456799 176.30198082132983 304
1623762502048 112.25547071965869 305
1623762545869 174.10780411607206 306
1623762579537 174.10780411607206 307
1623762599959 171.9165909594283 308
1623762631991 49.39584338809199 309
1623762660894 91.90823601870318 310
1623762696020 91.90823601870318 311
1623762752371 207.4335140481524 312
1623762792927 207.4335140481524 313
1623762827645 122.92529608141118 314
1623762878511 110.89566919203817 315
1623762897601 110.89566919203817 316
1623762959719 196.43537400721158 317
1623763013888 189.0458439571194 318
1623763038383 116.02491236913595 319
1623763083759 129.28070950750188 320
1623763115461 129.28070950750188 321
1623763145940 54.24643427762097 322
1623763176506 67.79147296974303 323
1623763208385 67.79147296974303 324
1623763248932 146.29903069697906 325
1623763302673 146.29903069697906 326
1623763333337 100.68608396439689 327
1623763372327 95.22550654981775 328
1623763422468 142.84020574630767 329
1623763480348 142.84020574630767 330
1623763536203 138.97078290469167 331
1623763568565 119.31994037236959 332
1623763585956 118.5811941339859 333
1623763642424 115.13316137530744 334
1623763700701 109.78842623099722 335
1623763756616 178.97524943488997 336
1623763794432 169.3469586819387 337
1623763861738 184.0749890514446 338
1623763897462 184.0749890514446 339
1623763948290 136.79189435172216 340
1623763996628 159.04602890744462 341
1623764027320 152.49815296708437 342
1623764085446 179.4512913604269 343
1623764126559 169.7574433745743 344
1623764177020 120.70826151120805 345
1623764208124 119.25769457968254 346
1623764251963 74.98724093901636 347
1623764277971 74.98724093901636 348
1623764335123 196.2047699931888 349
1623764367410 196.2047699931888 350
1623764406108 82.48262364690672 351
1623764449610 143.28616419822202 352
1623764489854 139.23490514197573 353
1623764528840 117.45627260509805 354
1623764554573 117.03651789596134 355
1623764597764 105.50010946479969 356
1623764633376 104.04288090060103 357
1623764659202 103.4151421878829 358
1623764709776 190.85818331552952 359
1623764747420 190.85818331552952 360
1623764810603 167.75100261075482 361
1623764845862 167.75100261075482 362
1623764887965 51.94848302132891 363
1623764934147 70.53480122774745 364
1623764982442 134.32373621714322 365
1623765029662 134.32373621714322 366
1623765087733 203.61278452569465 367
1623765142460 203.61278452569465 368
1623765197705 171.67331109987472 369
1623765259452 184.89412848610368 370
1623765296738 184.89412848610368 371
1623765329878 40.01133721459037 372
1623765375756 40.01133721459037 373
1623765429787 120.78861236590231 374
1623765488153 120.78861236590231 375
1623765523588 73.94920759333404 376
1623765552783 52.272440885351486 377
1623765586193 71.5636193808781 378
1623765621585 97.56309623549001 379
1623765663286 179.03285447547296 380
1623765689194 176.85242892934303 381
1623765717170 38.63465967436308 382
1623765748665 50.756300391813 383
1623765787495 85.50734670254897 384
1623765817484 85.50734670254897 385
1623765862572 163.18352393213968 386
1623765909174 182.97670764923973 387
1623765970763 182.97670764923973 388
1623766005055 156.64484120573337 389
1623766070428 157.0228290044187 390
1623766119545 157.0228290044187 391
1623766164792 110.72250673508692 392
1623766205841 89.50074768696759 393
1623766252462 163.8357570000192 394
1623766304891 136.3720075709906 395
1623766342018 136.3720075709906 396
1623766366573 80.44211553793414 397
1623766431322 160.19290432776035 398
1623766491503 187.88393436898542 399
