1623754607559 -2484.7477809966695 0
1623754626924 -445.4211221402728 1
1623754637939 -140.19781296119032 2
1623754649266 -122.50647560373527 3
1623754660740 -119.75505259830297 4
1623754672733 -121.8986007571978 5
1623754686124 -138.76635507227343 6
1623754701185 -129.26239720625824 7
1623754714203 -104.96452791959152 8
1623754727020 -105.26151751857651 9
1623754739796 -133.55253259147756 10
1623754753302 -128.2385666587715 11
1623754768083 -152.67038689739132 12
1623754783101 -152.50188537636933 13
1623754798543 -138.6117847040346 14
1623754816472 -143.79259741929516 15
1623754832056 -151.6879227192603 16
1623754845821 -141.01971669361046 17
1623754862834 -130.50450612675883 18
1623754880535 -135.03879316754595 19
1623754901175 -77.25545319177124 20
1623754921752 -118.45217298158002 21
1623754939976 -143.7571910209785 22
1623754958065 -133.98854948842327 23
1623754977490 -108.99191296804698 24
1623755002701 -66.10649319928189 25
1623755020192 -106.08221813379141 26
1623755038046 -82.40257653433848 27
1623755068864 -72.64210932322412 28
1623755087310 -71.39086368500247 29
1623755106493 -122.75000334216404 30
1623755126036 -99.61784337725028 31
1623755144105 -76.12049512706787 32
1623755160494 -53.792198815737265 33
1623755177092 -84.53391832297827 34
1623755193278 -129.09044452870086 35
1623755211566 -101.04704846779188 36
1623755229732 -142.62972920253557 37
1623755247917 -98.7345322099502 38
1623755263777 -76.77940540917515 39
1623755285110 -86.72142060384768 40
1623755308207 -120.16977163062457 41
1623755330745 -93.09022401121192 42
1623755357664 -61.27160234188345 43
1623755378192 -82.03778977004184 44
1623755399618 -84.78243841432541 45
1623755418974 -70.20038469300613 46
1623755441123 -61.099148242430864 47
1623755461265 -113.57482600328288 48
1623755478652 -101.23328534363289 49
1623755501890 -110.46308237410844 50
1623755522077 -99.58501412976076 51
1623755540414 -159.0166968752285 52
1623755558620 -165.1370286704417 53
1623755574700 -127.33967552630625 54
1623755591842 -130.31263877452693 55
1623755609226 -81.20723092006497 56
1623755628128 -56.795642516053206 57
1623755645762 -91.6484164724775 58
1623755661952 -80.80449694538387 59
1623755678225 -154.10943161397617 60
1623755696030 -110.88022177511054 61
1623755713384 -90.72665747379742 62
1623755734403 -85.51488801996706 63
1623755752511 -98.93385483485046 64
1623755774903 -67.97047268202132 65
1623755797431 -68.98152388207049 66
1623755821127 -82.69460655104527 67
1623755840428 -113.53578556047107 68
1623755856801 -142.86982553878053 69
1623755873011 -82.63990467497389 70
1623755887412 -89.83304366934814 71
1623755903440 -112.86401790884231 72
1623755921867 -102.5184082996204 73
1623755939105 -120.23301720868085 74
1623755955226 -84.23030812188031 75
1623755976945 -90.5701739689835 76
1623755995538 -86.20111312429253 77
1623756017473 -81.98668254464458 78
1623756034228 -89.62867486558221 79
1623756055722 -61.430862626660904 80
1623756072214 -129.99411786905583 81
1623756090103 -122.87090618208745 82
1623756106250 -153.7207650751414 83
1623756126529 -99.64803486131436 84
1623756142467 -63.81241844795771 85
1623756163132 -52.79597523118159 86
1623756180694 -111.30730534871095 87
1623756199429 -115.89708687154311 88
1623756220630 -59.4522350147372 89
1623756237486 -153.12103502129992 90
1623756252027 -144.1251887582551 91
1623756270990 -122.01056038767194 92
1623756291193 -105.31788369255744 93
1623756310735 -113.86062797442396 94
1623756329254 -65.49685175253335 95
1623756347922 -67.8540145749505 96
1623756364308 -82.25496302813721 97
1623756381756 -95.73655337256432 98
1623756399174 -111.84432364254887 99
1623756415522 -90.30613800460279 100
1623756430832 -73.21843790063427 101
1623756444669 -121.20812149914146 102
1623756460250 -128.54132437721424 103
1623756476640 -117.24537705503215 104
1623756491471 -101.75901137522067 105
1623756509112 -69.32316483032798 106
1623756530994 -54.18948423658345 107
1623756548882 -84.72270615258321 108
1623756575489 -60.129906844356434 109
1623756598468 -101.20653608644079 110
1623756614380 -120.74178913323146 111
1623756636139 -84.51591129950536 112
1623756654784 -111.2693810005845 113
1623756671239 -87.20809686591085 114
1623756685896 -97.68284099346018 115
1623756708206 -109.7053499079927 116
1623756725912 -125.41565005815971 117
1623756748335 -65.13728251608367 118
1623756770497 -108.6038461125971 119
1623756786642 -75.85568452179714 120
1623756808645 -67.08042364461433 121
1623756825475 -118.93892028431556 122
1623756842136 -84.0119212635138 123
1623756860678 -75.58348174811505 124
1623756883854 -83.69151509671124 125
1623756903624 -66.01707749923621 126
1623756921824 -93.9415839139958 127
1623756943935 -93.40551720853264 128
1623756973482 -73.77569921707607 129
1623756998841 -111.80452758200553 130
1623757021203 -120.66698026456898 131
1623757048329 -79.44889274449568 132
1623757071216 -87.51574291933142 133
1623757095245 -73.02576961942137 134
1623757114089 -106.6854846853591 135
1623757146210 -88.60587034801279 136
1623757169651 -89.41788147148779 137
1623757205285 -62.97078432743715 138
1623757222569 -120.91387870240487 139
1623757245170 -116.09062723141776 140
1623757274892 -52.8344166643562 141
1623757300633 -53.37193936157696 142
1623757326216 -112.61708651883421 143
1623757346108 -77.94137147184026 144
1623757368695 -61.295300323724426 145
1623757387541 -110.00311889144295 146
1623757423575 -81.99916805378805 147
1623757454376 -78.83013746796493 148
1623757488786 -51.688455267656764 149
1623757536306 -22.923981078202523 150
1623757556066 -89.41096344657038 151
1623757590072 -114.99421790196087 152
1623757616757 -89.89219984614026 153
1623757653507 -67.30784752785807 154
1623757685730 -55.69555099914477 155
1623757715855 -101.97125118858972 156
1623757741164 -114.58868247821552 157
1623757758944 -134.36687510169577 158
1623757779081 -119.90371103076961 159
1623757798042 -62.67779942894725 160
1623757816120 -70.94395415251347 161
1623757853217 -55.47117486730745 162
1623757888318 -52.46860984665138 163
1623757924472 -33.59508975168407 164
1623757957084 -42.8562857153705 165
1623757977530 -106.95464368241178 166
1623758008947 -94.56765452658111 167
1623758038766 -79.30978583917208 168
1623758061041 -70.47780068966453 169
1623758098063 -52.17935388763942 170
1623758172018 -2.498536271695451 171
1623758189378 -162.73732283834755 172
1623758209134 -146.73938044241032 173
1623758226877 -158.26490024895466 174
1623758264141 -73.56300680154598 175
1623758286298 -101.5838850476861 176
1623758320426 -80.06437732105209 177
1623758343219 -101.32776908925572 178
1623758366088 -117.4569728440426 179
1623758384150 -117.49256140130065 180
1623758402153 -161.43245032572185 181
1623758428864 -103.95522886470815 182
1623758453613 -136.01534486070295 183
1623758472611 -114.66471759744066 184
1623758498483 -76.10405836610323 185
1623758530118 -90.17231155831584 186
1623758549444 -119.8181760937889 187
1623758575502 -88.88510284392216 188
1623758614809 -40.73825946467137 189
1623758670349 -7.081132769572986 190
1623758698809 -77.90982524481085 191
1623758720608 -72.64601999996557 192
1623758754039 -75.43075115030699 193
1623758778497 -83.01452772477212 194
1623758810326 -102.39815059585337 195
1623758833009 -80.58202712640909 196
1623758852541 -98.64389592700975 197
1623758878662 -83.90472084435228 198
1623758895579 -119.36984267651277 199
1623758912916 -105.14198739130424 200
1623758929007 -135.1374313730493 201
1623758952045 -88.74164695392372 202
1623758979069 -48.18881697707716 203
1623759005026 -96.86322983716501 204
1623759041434 -56.467412677106765 205
1623759058259 -149.34940774612377 206
1623759088124 -102.3842360019695 207
1623759120011 -82.12958454267982 208
1623759139089 -99.26418464782347 209
1623759170584 -83.5006367953944 210
1623759197422 -68.97563563309879 211
1623759220273 -113.0115287612883 212
1623759247718 -114.72120245963988 213
1623759268611 -80.7615243588195 214
1623759285101 -165.1411883061784 215
1623759301344 -95.5970610734984 216
1623759336224 -64.69182322878251 217
1623759354386 -70.49891583465084 218
1623759388101 -66.8855935005087 219
1623759405900 -150.165227504525 220
1623759424587 -144.1570641364164 221
1623759451739 -106.59346886546734 222
1623759475074 -88.96452371055246 223
1623759510686 -58.525974687348594 224
1623759534321 -129.28936861309384 225
1623759573885 -62.24284946230625 226
1623759596289 -81.46143893783032 227
1623759631436 -58.71451814922129 228
1623759668266 -40.41270501788843 229
1623759690473 -63.52086715663008 230
1623759714307 -131.84891251032144 231
1623759735342 -99.45749992113392 232
1623759751825 -119.91598301253596 233
1623759786102 -68.0045168473506 234
1623759816116 -55.18482441308048 235
1623759850902 -58.5241239841702 236
1623759904084 -29.53653286060677 237
1623759927101 -87.26337552414982 238
1623759954932 -46.01873941871784 239
1623759975505 -131.38459347823002 240
1623760003013 -100.44879018134638 241
1623760059181 12.782320995021905 242
1623760081507 -54.6417711891394 243
1623760108811 -103.67086832277255 244
1623760130915 -73.1271356763688 245
1623760155681 -92.52159651068847 246
1623760180379 -60.57661402882377 247
1623760203599 -107.2095506871211 248
1623760264092 -53.26643366488891 249
1623760292118 -58.31429042544339 250
1623760311998 -95.39922501942074 251
1623760349695 -76.50602294798144 252
1623760384226 -24.91217974822141 253
1623760423977 -19.520979154442134 254
1623760451372 -69.98356081420998 255
1623760481312 -27.711452558286148 256
1623760517462 -20.040019365218345 257
1623760556997 -4.212789920100749 258
1623760599040 -5.649522630694326 259
1623760618849 -89.47745445951163 260
1623760636115 -123.74576155125933 261
1623760655017 -160.41493216103947 262
1623760685681 -106.23102058994509 263
1623760713105 -97.66895954821605 264
1623760752084 -60.73753485992906 265
1623760794149 -46.66247110004021 266
1623760837170 -23.8619565082671 267
1623760885490 -55.55984571669802 268
1623760910589 -99.65834824377104 269
1623760933054 -65.56738031864015 270
1623760988063 -8.120031719802814 271
1623761027650 -54.59675680226958 272
1623761066042 -57.711741070372724 273
1623761107846 -12.465838521410813 274
1623761160875 15.385341521617837 275
1623761197519 -60.063350843616796 276
1623761230397 -103.65604745475468 277
1623761265874 -106.77723923560555 278
1623761333339 -48.02920255205187 279
1623761409336 -19.353472035819937 280
1623761458545 -27.62746345315469 281
1623761538697 17.139146352227318 282
1623761568237 -81.33921380862752 283
1623761606758 -122.47916831932643 284
1623761646967 -49.35589156889481 285
1623761697667 -28.342998132448553 286
1623761736369 2.8435478723182372 287
1623761764705 -57.396930909792104 288
1623761789652 -80.39945583839804 289
1623761849146 -42.608961756297866 290
1623761898589 21.85899968451404 291
1623761950484 31.855671110414153 292
1623761985368 -50.38391190940341 293
1623762036485 12.823036480859702 294
1623762075953 -92.33696023013337 295
1623762135363 -13.974105332239224 296
1623762192077 -57.165074574246376 297
1623762235461 -16.178488238907654 298
1623762280167 5.773918294985606 299
1623762306238 -114.09993762536689 300
1623762337636 -83.52194873153108 301
1623762362374 -104.89600424675243 302
1623762410423 -37.62397433827967 303
1623762456794 -72.71522815392028 304
1623762502042 17.599541730403338 305
1623762545862 8.72290354431983 306
1623762579531 19.286365112705752 307
1623762599951 -100.4094738148901 308
1623762631982 -78.78757534812014 309
1623762660888 -24.476088568476122 310
1623762696009 -35.229551204450445 311
1623762752365 3.3921588403432508 312
1623762792921 13.741451844147258 313
1623762827639 -6.133057715362293 314
1623762878505 21.226173132752923 315
1623762897592 -96.6920295465471 316
1623762959710 -1.3917314754137748 317
1623763013882 33.306700844365466 318
1623763038377 -97.78065858875348 319
1623763083752 -55.169168655679776 320
1623763115455 -59.066828638294965 321
1623763145934 -83.91769514927655 322
1623763176500 -59.70671733649019 323
1623763208379 -63.558850902731706 324
1623763248926 -38.40872063279093 325
1623763302667 17.162814634118796 326
1623763333330 -88.24418636138643 327
1623763372321 -63.580112969082506 328
1623763422461 -0.4247366281463968 329
1623763480341 -16.617974098571448 330
1623763536197 34.40444814504449 331
1623763568559 -42.73575458335896 332
1623763585950 -101.05220498758578 333
1623763642418 -21.787947557522035 334
1623763700695 -34.69013052373114 335
1623763756610 33.778273503775736 336
1623763794426 -22.544131629516265 337
1623763861731 46.190943501650644 338
1623763897456 -55.81710833215514 339
1623763948282 -6.923433515335364 340
1623763996621 5.600715954118675 341
1623764027314 -41.70394495676387 342
1623764085440 -2.5795205263120637 343
1623764126553 -91.06726756535609 344
1623764177013 -17.633483033452148 345
1623764208113 -102.68898314131707 346
1623764251953 -76.23437842491448 347
1623764277964 -94.31494807920048 348
1623764335116 -15.313303856073793 349
1623764367404 -41.673257662605735 350
1623764406102 -51.46215773346787 351
1623764449604 -14.0643754016115 352
1623764489847 2.96943767266458 353
1623764528834 -18.22488413185 354
1623764554567 -37.35758733929712 355
1623764597757 16.095181837719373 356
1623764633369 -10.53729801651599 357
1623764659194 -99.06473120517265 358
1623764709770 1.4078919969325625 359
1623764747413 -5.921892836571786 360
1623764810596 37.47875225363775 361
1623764845855 -68.03273281631678 362
1623764887958 -41.282582466601156 363
1623764934140 -10.196841212394855 364
1623764982434 48.67664027045247 365
1623765029656 -10.663535249868158 366
1623765087727 -13.61839360910316 367
1623765142453 15.666695776995443 368
1623765197699 42.93713253262247 369
1623765259445 65.04767033877152 370
1623765296732 -76.71908724893186 371
1623765329869 -36.27330199441231 372
1623765375749 -33.632605955024125 373
1623765429780 -12.961154412598967 374
1623765488146 -26.623212225299415 375
1623765523581 -72.87954548047297 376
1623765552777 -111.15570860791254 377
1623765586183 -58.24842414471541 378
1623765621578 -33.281985333430974 379
1623765663279 29.773002081678566 380
1623765689187 -43.55610608249812 381
1623765717163 -93.26688980682528 382
1623765748659 -31.256852296469265 383
1623765787488 -4.111152617042518 384
1623765817476 -36.53870829219126 385
1623765862565 -4.495624810741359 386
1623765909167 54.447409851206224 387
1623765970756 70.47257419519848 388
1623766005049 -91.50832914207342 389
1623766070421 -19.352921265991796 390
1623766119539 31.725829843301607 391
1623766164783 -34.9339504434579 392
1623766205834 -57.979132425891166 393
1623766252454 -28.62357283092364 394
1623766304884 29.546902469192656 395
1623766342009 -61.069814642385424 396
1623766366566 -99.07230049775991 397
1623766431315 -20.175785349350768 398
1623766491496 80.30610537685547 399
