1623744000192 -490.03966282247643 0
1623744029812 -256.5974042089428 1
1623744047138 -127.6257238907824 2
1623744066033 -144.52682866710077 3
1623744083382 -145.48067656199973 4
1623744101945 -152.81920349549065 5
1623744121008 -139.11242196231757 6
1623744137739 -161.52141352274967 7
1623744153731 -131.6570808141148 8
1623744172591 -142.01064471428032 9
1623744189680 -137.87778207572086 10
1623744207089 -167.0566265785776 11
1623744223258 -151.28968788120338 12
1623744239371 -139.50932451775918 13
1623744255245 -121.9685943485142 14
1623744271716 -122.42210945372857 15
1623744289590 -128.02797368839123 16
1623744305837 -125.56334662600113 17
1623744321331 -126.94106752905105 18
1623744337141 -116.55987695690654 19
1623744353677 -104.27947088750159 20
1623744370746 -105.74211960457548 21
1623744390223 -104.0630628794303 22
1623744406276 -107.51168272963427 23
1623744420644 -112.59708074956154 24
1623744436957 -117.86764505822033 25
1623744453994 -105.31430983039523 26
1623744473428 -130.17728726583832 27
1623744494033 -114.48366141762828 28
1623744515169 -128.3861288715491 29
1623744541235 -92.11272200481444 30
1623744568679 -85.80796700406312 31
1623744595509 -45.901218941669185 32
1623744623186 -71.71631899674483 33
1623744656370 -33.37982561967277 34
1623744684791 -67.29749046674071 35
1623744715148 -43.79604806220428 36
1623744748307 -67.12219284099017 37
1623744775396 -85.75002394573983 38
1623744809130 -58.39964207066639 39
1623744836473 -101.43128939280864 40
1623744862488 -66.15098535706701 41
1623744891492 -62.55137362338174 42
1623744922446 -86.99725575620204 43
1623744947583 -85.19790707534133 44
1623744989654 -35.67617758970895 45
1623745036227 -9.71356374810106 46
1623745083965 -18.37438716910726 47
1623745115041 -45.060481891245445 48
1623745154617 -18.29859256338264 49
1623745192814 -54.287217876099795 50
1623745229077 -25.07942577659653 51
1623745284167 20.85217461184301 52
1623745320359 -31.44834294098878 53
1623745367439 32.67268837165072 54
1623745398430 -67.7346068589036 55
1623745428455 -39.20906429011896 56
1623745455939 -60.56204008058222 57
1623745495368 -80.6143119181395 58
1623745526466 -49.329043824730554 59
1623745571137 -28.381028124428326 60
1623745612086 -38.79540574646774 61
1623745646333 -50.55161372251251 62
1623745678388 -69.10848978872282 63
1623745706186 -89.81298935603198 64
1623745741824 -53.419860971690966 65
1623745765645 -69.78496147693976 66
1623745793474 -81.78070882063547 67
1623745820796 -84.71053383515066 68
1623745845598 -101.5707782527407 69
1623745873322 -66.87840376391009 70
1623745906693 -76.44877215351724 71
1623745940980 -30.304083773734245 72
1623745979398 -39.18692902100554 73
1623746015905 -9.146569422028064 74
1623746039527 -50.357254617163875 75
1623746084775 -28.265415763468994 76
1623746116169 -64.13572495448261 77
1623746146009 -77.58408433694852 78
1623746183939 -16.477759867024407 79
1623746239636 -0.3756170072808308 80
1623746272408 -73.92320772968502 81
1623746305317 -32.33395143463546 82
1623746356201 -19.440958332199994 83
1623746383045 -40.87870025840349 84
1623746418956 -52.425960357476605 85
1623746461555 -29.963784770339874 86
1623746492722 -74.99497145880837 87
1623746528752 -63.09754918153616 88
1623746560203 -41.49602399639568 89
1623746597088 -39.634527147544944 90
1623746623771 -102.8230564415813 91
1623746666811 -15.031849328307517 92
1623746708927 -72.83161317336446 93
1623746744460 -66.3401649987327 94
1623746768791 -77.15819571459568 95
1623746800191 -109.39470597895837 96
1623746822466 -74.02344568260955 97
1623746854078 -66.4992155174611 98
1623746876543 -95.83784232831924 99
1623746902305 -77.20113805784426 100
1623746933442 -35.00687806981189 101
1623746966669 -60.06372179712211 102
1623747021820 -58.41002996005423 103
1623747057506 -42.3416701655014 104
1623747100709 -32.85040879725632 105
1623747141485 -28.10003267883219 106
1623747167263 -65.41454378014167 107
1623747219196 -47.645723662320464 108
1623747257237 -23.32037011848052 109
1623747292671 -29.652297267877994 110
1623747331312 -61.98053928810645 111
1623747369808 -61.83382351388919 112
1623747401545 -75.05436877646359 113
1623747449275 -19.23325130861296 114
1623747485125 -58.883628087672314 115
1623747557240 -18.460540965158092 116
1623747649102 49.8841632113212 117
1623747683719 -40.1546610602439 118
1623747711765 -82.66155993612912 119
1623747772112 12.390637626507928 120
1623747833572 4.206258942240769 121
1623747887203 -33.891749562559696 122
1623747933397 -41.41407535521424 123
1623747979759 -11.204574505240267 124
1623748039231 -1.7501724850517217 125
1623748069876 -60.00398902663641 126
1623748113264 -23.363719261621664 127
1623748144801 -62.41184834904615 128
1623748182566 -31.409227720672938 129
1623748233859 10.688059728157214 130
1623748280656 -4.241157850289081 131
1623748325142 -7.318562268596238 132
1623748359594 -25.06584078121268 133
1623748408398 -26.143809986941356 134
1623748443122 -53.67235546709887 135
1623748478516 -27.731048643550274 136
1623748550661 30.047098747041673 137
1623748644747 78.41079022210228 138
1623748699576 39.873306984565076 139
1623748754724 -4.706023156299707 140
1623748785911 -71.33979921562775 141
1623748822126 -48.07445913796573 142
1623748867555 -3.3490795419831283 143
1623748934219 59.85570227807896 144
1623749021923 84.59971665969466 145
1623749066665 6.034116879235079 146
1623749129374 -15.41587020314562 147
1623749170445 -13.021475609094146 148
1623749204716 -55.8565350546349 149
1623749241707 -16.208704331660073 150
1623749273308 -88.99051435899655 151
1623749315498 -63.38205439144509 152
1623749360415 -31.36508144399236 153
1623749426471 59.382574260067194 154
1623749473277 27.503062243064313 155
1623749514588 9.252871465071864 156
1623749558438 46.7120924706796 157
1623749599002 6.693453023533005 158
1623749653671 72.99263544195999 159
1623749685654 -49.606086274694114 160
1623749727128 -32.68581398314597 161
1623749768886 -10.071774862501695 162
1623749797411 -80.36579655921662 163
1623749852841 9.43967630102718 164
1623749902829 -11.682534462667439 165
1623749952809 -11.84856475718212 166
1623750027494 61.84205180904756 167
1623750091351 25.582308980824617 168
1623750144893 -11.36353537954917 169
1623750198899 -20.37639533947695 170
1623750233755 -39.736412310247324 171
1623750285914 -11.76342649545482 172
1623750337973 11.519893014596471 173
1623750382775 -36.22619298697962 174
1623750411082 -82.90852922528349 175
1623750455604 -13.438957400614338 176
1623750525683 8.435802279062864 177
1623750553950 -76.51058081479036 178
1623750597476 -38.96812224170416 179
1623750645348 13.850125126866697 180
1623750706962 17.373334184415583 181
1623750784245 70.01272964617529 182
1623750850793 -4.236383288500325 183
1623750912219 -17.250499775877515 184
1623750962770 13.441893698601634 185
1623751000806 -27.9384369837726 186
1623751054473 15.554028547526338 187
1623751114459 -33.2122076474985 188
1623751145113 -86.38894637492727 189
1623751200417 -40.48111735403218 190
1623751232147 -85.84277340922233 191
1623751269620 -31.372880473933407 192
1623751303424 -82.28902390786385 193
1623751336070 -92.11149559567825 194
1623751378121 -32.39268709602018 195
1623751426585 14.0452754047055 196
1623751454727 -60.3940908555245 197
1623751482039 -82.11064224704292 198
1623751512979 -52.32774064598718 199
1623751552796 0.7867117367811738 200
1623751587993 -39.286553477412404 201
1623751618052 -71.08638227025703 202
1623751656781 -32.982879626491886 203
1623751685867 -50.062588269487826 204
1623751718224 -35.005206443747355 205
1623751763968 -2.727320466736663 206
1623751824511 82.2486870132447 207
1623751888188 87.83023604720665 208
1623751925909 -8.215106109429446 209
1623751972919 37.74167101828804 210
1623752004933 -53.52360027916071 211
1623752053880 26.71726643627554 212
1623752084984 -20.46020261136712 213
1623752131406 -4.072015637274043 214
1623752164907 -76.95028435707368 215
1623752215523 -19.00539319910856 216
1623752279872 13.726256628468532 217
1623752318323 -17.261458604032374 218
1623752353227 -57.930389761167305 219
1623752397474 -10.745042833452636 220
1623752443465 5.38009030375699 221
1623752486284 -28.440707589402592 222
1623752529178 -51.57910439309596 223
1623752578049 16.298383707538008 224
1623752627666 -12.064349371536967 225
1623752672532 -25.378067874647357 226
1623752722455 -71.43065286099572 227
1623752769757 -1.5781768067479274 228
1623752815478 -46.40484983726556 229
1623752858294 -30.214479370897106 230
1623752909838 -0.8856698949089421 231
1623752939364 -55.7112865369345 232
1623752991674 -27.64532462749021 233
1623753032223 -38.33323459809098 234
1623753067321 -44.99064546916435 235
1623753114330 -44.74243984032832 236
1623753192149 79.90438526465658 237
1623753237891 -6.436771538086089 238
1623753306207 55.79733118338994 239
1623753332875 -76.7228996799432 240
1623753381328 -7.754852839603697 241
1623753409703 -58.194364754381404 242
1623753476359 27.616495463847347 243
1623753522962 -18.254499717790893 244
1623753552026 -72.47610573647756 245
1623753592641 -49.06972199448719 246
1623753646431 25.836995325585868 247
1623753691800 -8.281772598290383 248
1623753767050 54.7307199507337 249
1623753806923 -2.0217414022668287 250
1623753849323 -6.823226551903887 251
1623753900567 -4.340698257120161 252
1623753961870 20.1537090082189 253
1623754014297 -12.14352134954383 254
1623754072579 27.733564535352812 255
1623754130934 11.184322420041973 256
1623754197976 10.050304912093175 257
1623754239005 -52.88267248054324 258
1623754298420 3.3684274184292406 259
1623754353650 16.81973880444508 260
1623754393648 13.317917793061389 261
1623754442480 17.64894038875174 262
1623754513358 43.59159043104881 263
1623754564446 14.209305101483988 264
1623754620092 12.05957595363284 265
1623754653392 -55.401386261937816 266
1623754697301 -17.772193462506706 267
1623754754799 118.55191411086935 268
1623754799179 3.588353728141267 269
1623754852317 21.157047859986804 270
1623754902978 30.80320641228434 271
1623754947026 -41.958269279340705 272
1623754991859 -58.67458190991435 273
1623755033966 -43.54764999682711 274
1623755109910 69.17585986459908 275
1623755163064 41.425364199383594 276
1623755213761 41.91498175317668 277
1623755253525 -15.941115854818328 278
1623755308204 16.617645760153163 279
1623755358880 3.638071577704388 280
1623755417668 -4.960380444425039 281
1623755472243 38.16811719932159 282
1623755526201 -13.877649870498125 283
1623755582450 -4.1168622987561125 284
1623755638755 4.663073548571059 285
1623755698421 10.047114099303666 286
1623755758324 -15.0801645912773 287
1623755810944 -22.71039290382919 288
1623755871517 30.503836710618298 289
1623755924816 37.89707892954762 290
1623756005136 140.45651148394282 291
1623756071574 23.079695001419964 292
1623756116880 9.258109582463282 293
1623756172413 13.358405683943566 294
1623756212720 -1.156974083111869 295
1623756268348 25.886743632642393 296
1623756300143 -53.779310999999154 297
1623756349542 -63.02265865983034 298
1623756410429 19.95762027243788 299
1623756473867 34.917945462247125 300
1623756507185 -43.42369042497044 301
1623756564328 41.16094984691244 302
1623756622879 76.99979845939828 303
1623756668053 39.263320000241976 304
1623756731972 46.16346950514233 305
1623756790698 15.358339047163925 306
1623756855691 18.76771160908595 307
1623756942684 44.87769414931783 308
1623757024305 59.26507513526845 309
1623757091522 95.92800328240659 310
1623757172342 114.40081016914846 311
1623757226315 69.48057408279846 312
1623757288647 82.19798359066168 313
1623757371795 71.56908774351135 314
1623757473106 97.36242409139895 315
1623757536643 45.08900226628455 316
1623757624948 85.27776742337284 317
1623757714287 74.37026405014848 318
1623757788712 124.0125075112511 319
1623757857630 66.99640581306093 320
1623757943904 53.87389777312014 321
1623758030038 79.76170783785861 322
1623758122025 84.07858490633109 323
1623758209198 66.0851867984559 324
1623758317522 66.2216686694607 325
1623758394204 56.77870882749782 326
1623758487143 72.47383156887635 327
1623758594337 33.56285833380531 328
1623758691853 54.003322808157044 329
1623758780710 76.6438195462361 330
1623758875236 89.06204855577417 331
1623758951869 76.07607760603283 332
1623759044061 85.9445935269266 333
1623759126783 105.66871664355065 334
1623759221646 118.47528872746538 335
1623759321628 131.52035158982957 336
1623759410568 100.64012487941368 337
1623759483770 87.34958821462966 338
1623759554402 64.71031625437368 339
1623759624639 64.35858740690617 340
1623759706500 58.20765566899789 341
1623759793037 108.12671853820144 342
1623759881957 128.68239624355718 343
1623759957869 75.52769632177379 344
1623760044388 109.63080385886472 345
1623760136510 127.31975142190463 346
1623760208135 67.15089428855111 347
1623760288600 77.70213859818186 348
1623760359253 61.129820273380616 349
1623760442656 95.56773241335992 350
1623760532300 114.10283015778104 351
1623760620747 92.27406292083371 352
1623760700241 77.18504335090809 353
1623760786673 88.30405143332173 354
1623760861768 103.51360246657278 355
1623760962003 143.29035562936306 356
1623761045051 131.3481708794225 357
1623761120667 158.47851449779483 358
1623761226686 141.12993117967537 359
1623761335528 185.21114140679052 360
1623761442948 177.04910250842642 361
1623761548821 104.87142324894401 362
1623761648016 147.4397389215741 363
1623761741475 106.47144890632386 364
1623761826235 72.45364821219695 365
1623761925149 121.24137849548913 366
1623762002688 67.33140587775523 367
1623762066990 25.43990760421811 368
1623762149895 73.9007359066397 369
1623762239056 111.17193980841384 370
1623762317996 75.8464524568978 371
1623762405611 115.43814417788467 372
1623762481157 147.900494135499 373
1623762552042 102.89100548805084 374
1623762653620 105.73676419201692 375
1623762739159 137.49005151499037 376
1623762830270 141.78359154112243 377
1623762931112 173.01168378243148 378
1623763005577 100.50445399857905 379
1623763082353 96.43923508826727 380
1623763161755 98.44327991112895 381
1623763240703 91.45678428450942 382
1623763342676 171.01207002994448 383
1623763411904 90.61602578822381 384
1623763499888 132.565182210668 385
1623763592221 127.20446818012331 386
1623763685159 156.80423098301077 387
1623763767549 137.2897695657825 388
1623763860498 100.22013356416385 389
1623763924429 59.00405849427143 390
1623764007765 92.09969599926744 391
1623764092763 78.68103830630764 392
1623764191157 144.2490937608902 393
1623764268234 86.28598050741675 394
1623764350818 58.86637913109115 395
1623764435327 101.76075336265757 396
1623764511744 121.53805749394196 397
1623764596561 84.64187552408792 398
1623764680556 132.17642674999996 399
