1623744000211 -93.51713253215185 0
1623744029831 -85.08902018750251 1
1623744047158 -85.08902018750251 2
1623744066051 -106.63781247039829 3
1623744083401 -134.38717724465607 4
1623744101969 -107.2621834423961 5
1623744121028 -104.43068579063925 6
1623744137759 -112.40718882728552 7
1623744153749 -119.1770038859569 8
1623744172610 -122.88438910360863 9
1623744189700 -122.88438910360863 10
1623744207111 -127.8716685148388 11
1623744223279 -140.8948403726459 12
1623744239391 -109.14797780727481 13
1623744255266 -109.14797780727481 14
1623744271735 -106.3988891129724 15
1623744289609 -106.3988891129724 16
1623744305857 -90.50922300874285 17
1623744321350 -90.50922300874285 18
1623744337160 1.0884741852318314 19
1623744353695 1.0884741852318314 20
1623744370766 -55.65074882408451 21
1623744390242 -55.65074882408451 22
1623744406294 -60.489567998980625 23
1623744420663 -60.489567998980625 24
1623744436977 -39.20460824520686 25
1623744454013 -32.69750153668596 26
1623744473447 -32.69750153668596 27
1623744494052 -51.902980486427985 28
1623744515190 -44.95143711106814 29
1623744541255 -56.8154466172479 30
1623744568698 -10.51247847749731 31
1623744595530 70.11741152740798 32
1623744623207 70.11741152740798 33
1623744656390 32.792553887930616 34
1623744684813 32.792553887930616 35
1623744715169 -1.9239580022124243 36
1623744748327 20.34186530969733 37
1623744775418 20.34186530969733 38
1623744809150 24.684891327718915 39
1623744836492 23.791411305221004 40
1623744862507 0.06796647322649677 41
1623744891511 3.3527328930020643 42
1623744922465 3.3527328930020643 43
1623744947603 -13.302259618425945 44
1623744989673 24.931935445513886 45
1623745036247 133.89324890287153 46
1623745083984 133.89324890287153 47
1623745115061 72.25564821572159 48
1623745154640 80.28169152815448 49
1623745192833 80.28169152815448 50
1623745229097 56.60529434831919 51
1623745284188 125.47781148667232 52
1623745320382 109.4144926663751 53
1623745367458 142.87033071639888 54
1623745398450 142.87033071639888 55
1623745428475 44.316445241333305 56
1623745455960 44.316445241333305 57
1623745495387 8.52976412058697 58
1623745526486 8.52976412058697 59
1623745571157 112.27947827237199 60
1623745612105 114.56466678940747 61
1623745646353 114.56466678940747 62
1623745678408 -11.161250993010743 63
1623745706206 27.600060502680094 64
1623745741844 69.35228243210892 65
1623745765666 7.4413899145662015 66
1623745793494 -23.45596814077401 67
1623745820816 -23.45596814077401 68
1623745845618 -30.728955450365778 69
1623745873345 -4.064455505197583 70
1623745906713 7.6735045341340875 71
1623745941001 23.436243074945157 72
1623745979419 66.58708400412497 73
1623746015926 66.58708400412497 74
1623746039547 40.641728497455276 75
1623746084796 83.41568117620739 76
1623746116192 50.24119222189752 77
1623746146029 -6.201424688619056 78
1623746183960 52.71282309661228 79
1623746239657 106.89431668736253 80
1623746272429 106.89431668736253 81
1623746305337 60.20208115134824 82
1623746356222 72.73616670106966 83
1623746383066 72.73616670106966 84
1623746418975 -12.936540082869206 85
1623746461576 53.821861187293656 86
1623746492742 12.589388405374535 87
1623746528771 55.58595639553463 88
1623746560223 55.58595639553463 89
1623746597108 22.08478051773327 90
1623746623790 -5.275858299099445 91
1623746666832 80.12208335340974 92
1623746708947 59.49030979036636 93
1623746744480 5.468348259687952 94
1623746768812 5.468348259687952 95
1623746800212 -46.710034345652545 96
1623746822486 -50.15855510241446 97
1623746854098 25.775217113538837 98
1623746876564 25.775217113538837 99
1623746902326 -31.52377837757436 100
1623746933463 20.64773476344689 101
1623746966689 20.64773476344689 102
1623747021841 58.63660829853323 103
1623747057526 58.63660829853323 104
1623747100729 51.58921459576991 105
1623747141506 53.81404375952868 106
1623747167283 53.81404375952868 107
1623747219215 14.618743013032034 108
1623747257257 82.95584219684011 109
1623747292690 82.95584219684011 110
1623747331333 26.788300791468078 111
1623747369829 20.42231018907682 112
1623747401565 9.71106155664968 113
1623747449295 102.54787440785958 114
1623747485145 102.54787440785958 115
1623747557262 67.6522750898585 116
1623747649123 170.4143031299238 117
1623747683741 170.4143031299238 118
1623747711788 26.851681800926166 119
1623747772135 82.7888820137473 120
1623747833593 100.29802425861375 121
1623747887224 100.29802425861375 122
1623747933418 69.9120970556261 123
1623747979779 69.9120970556261 124
1623748039250 97.25905557314238 125
1623748069897 97.25905557314238 126
1623748113285 91.04293880070337 127
1623748144821 89.54276194228434 128
1623748182586 69.1904723396694 129
1623748233879 105.33254055177346 130
1623748280677 105.33254055177346 131
1623748325163 101.91488799883003 132
1623748359615 70.29705104044567 133
1623748408420 92.97008186354957 134
1623748443143 92.97008186354957 135
1623748478537 57.78877833767174 136
1623748550682 138.36568612597287 137
1623748644768 202.1108503685838 138
1623748699598 202.1108503685838 139
1623748754745 196.61300806578373 140
1623748785931 67.43439184137063 141
1623748822146 1.3292375689820914 142
1623748867575 124.78892752578011 143
1623748934240 224.84195390023643 144
1623749021944 224.84195390023643 145
1623749066686 190.87115792931226 146
1623749129395 90.18051633896764 147
1623749170467 74.05365907490417 148
1623749204737 48.648540168938254 149
1623749241728 49.27275700076697 150
1623749273329 49.27275700076697 151
1623749315518 80.06678761750081 152
1623749360436 124.70123951820763 153
1623749426492 170.17837087611096 154
1623749473298 170.17837087611096 155
1623749514609 135.48721929932626 156
1623749558459 159.60916649543918 157
1623749599023 159.60916649543918 158
1623749653692 183.10069085180993 159
1623749685674 144.09440177865605 160
1623749727148 67.68488906685386 161
1623749768907 75.00554818017376 162
1623749797431 75.00554818017376 163
1623749852862 96.72484098596291 164
1623749902850 93.80387419969423 165
1623749952829 83.74648047811179 166
1623750027515 199.82388793836 167
1623750091373 199.82388793836 168
1623750144914 123.7754727147616 169
1623750198919 89.1476903527709 170
1623750233776 62.549574647413536 171
1623750285935 71.3342385859877 172
1623750337995 105.94897435545181 173
1623750382796 105.94897435545181 174
1623750411104 6.471309902443596 175
1623750455625 58.95217124878501 176
1623750525705 105.56065040332763 177
1623750553971 105.56065040332763 178
1623750597497 34.17870643019992 179
1623750645370 170.50602984608707 180
1623750706984 170.50602984608707 181
1623750784266 171.94808286671963 182
1623750850814 171.94808286671963 183
1623750912240 65.48108848737817 184
1623750962792 124.10305158542556 185
1623751000828 124.10305158542556 186
1623751054496 104.7475423448564 187
1623751114481 100.56541919841928 188
1623751145135 78.32350588491919 189
1623751200439 79.27026682147174 190
1623751232168 79.27026682147174 191
1623751269641 112.21188383519689 192
1623751303445 112.21188383519689 193
1623751336091 -5.15920703601663 194
1623751378143 94.36329626757849 195
1623751426607 116.17000130674576 196
1623751454748 115.4440983273731 197
1623751482060 -4.965785016845342 198
1623751513001 39.51134249183606 199
1623751552817 106.41870798892914 200
1623751588014 106.41870798892914 201
1623751618075 26.922488175511052 202
1623751656815 93.76957269731592 203
1623751685901 92.84072443360628 204
1623751718247 10.420856430220732 205
1623751763989 151.71884641724142 206
1623751824532 185.72609409666674 207
1623751888210 207.57584877845184 208
1623751925931 207.57584877845184 209
1623751972941 128.68076546727414 210
1623752004954 122.84898070233844 211
1623752053901 87.36846928986682 212
1623752085005 86.11347307692414 213
1623752131427 121.10791698612363 214
1623752164929 121.10791698612363 215
1623752215545 130.51244677088175 216
1623752279894 130.51244677088175 217
1623752318344 121.47667876922415 218
1623752353249 57.95894865357862 219
1623752397496 128.15210589510232 220
1623752443488 197.42384279398868 221
1623752486306 197.42384279398868 222
1623752529200 69.75793087339538 223
1623752578071 101.93053722648962 224
1623752627691 101.93053722648962 225
1623752672557 49.23321160941545 226
1623752722477 42.05566927848521 227
1623752769779 75.20617218493494 228
1623752815500 88.3575721503253 229
1623752858317 88.3575721503253 230
1623752909860 104.0508098944044 231
1623752939386 104.0508098944044 232
1623752991696 79.79139791778924 233
1623753032245 79.79139791778924 234
1623753067344 68.03866254380912 235
1623753114351 47.316818213491864 236
1623753192172 245.6173281596683 237
1623753237914 169.12399440754007 238
1623753306228 170.3426612531518 239
1623753332897 159.07426964203353 240
1623753381351 106.60295190332901 241
1623753409725 98.61181528096813 242
1623753476381 163.54634750603103 243
1623753522983 163.54634750603103 244
1623753552048 109.46981294323272 245
1623753592663 92.89217555755806 246
1623753646452 141.38468239185542 247
1623753691822 141.38468239185542 248
1623753767072 187.50920204448568 249
1623753806945 182.37527899031176 250
1623753849345 125.72969978651743 251
1623753900591 151.89184678715168 252
1623753961893 174.59563691600601 253
1623754014331 151.74634861474357 254
1623754072603 168.54526524941176 255
1623754130958 168.41467443003208 256
1623754198000 141.97890286963167 257
1623754239028 133.2816954807035 258
1623754298443 175.40325795829435 259
1623754353672 142.16748850009873 260
1623754393671 134.87821506363176 261
1623754442502 88.51401590001394 262
1623754513380 167.36266239964337 263
1623754564470 167.36266239964337 264
1623754620114 101.97737782237309 265
1623754653415 87.58745096465329 266
1623754697324 59.50565173914733 267
1623754754822 211.28841302131332 268
1623754799202 208.5258569390916 269
1623754852339 102.61240329456166 270
1623754903001 109.94735362561065 271
1623754947049 103.19780464635865 272
1623754991882 28.17963291014314 273
1623755033989 26.023210525983007 274
1623755109932 243.72938296138983 275
1623755163087 209.51410217857793 276
1623755213784 134.9660752393292 277
1623755253548 134.9660752393292 278
1623755308228 107.36640900358616 279
1623755358903 154.87794982123674 280
1623755417691 154.87794982123674 281
1623755472267 153.5274633751697 282
1623755526224 120.6891087876435 283
1623755582473 93.8677910304226 284
1623755638778 171.56019977892305 285
1623755698444 171.56019977892305 286
1623755758347 134.50160725573542 287
1623755810966 35.97319649553861 288
1623755871540 155.74455107767722 289
1623755924839 127.86170367194059 290
1623756005158 258.27545072193215 291
1623756071597 257.9500365145468 292
1623756116903 241.723735818575 293
1623756172436 218.42228078079907 294
1623756212743 156.7776277528124 295
1623756268371 108.79154721924917 296
1623756300166 108.79154721924917 297
1623756349564 84.01358838173032 298
1623756410451 196.2936208819433 299
1623756473891 196.2936208819433 300
1623756507208 227.6830745011338 301
1623756564353 227.6830745011338 302
1623756622903 273.8660819736886 303
1623756668078 271.8756073676186 304
1623756732000 130.6590370780054 305
1623756790724 145.6463512689824 306
1623756855715 193.8449623690962 307
1623756942710 199.78069078505922 308
1623757024331 199.78069078505922 309
1623757091547 196.25026580018704 310
1623757172366 274.1722606123588 311
1623757226340 274.1722606123588 312
1623757288671 258.90788391192075 313
1623757371819 258.53418108188805 314
1623757473129 268.40856737819604 315
1623757536669 240.47474765484085 316
1623757624973 278.84961392435355 317
1623757714310 278.84961392435355 318
1623757788737 266.4508080407305 319
1623757857671 270.7721623303845 320
1623757943931 246.7679736119232 321
1623758030065 216.6715052336687 322
1623758122051 236.41908885173606 323
1623758209238 280.85644412368055 324
1623758317553 280.85644412368055 325
1623758394233 273.81278675210103 326
1623758487168 221.68154278372663 327
1623758594364 221.56658918027333 328
1623758691883 275.56367825872974 329
1623758780734 285.4705503999736 330
1623758875263 285.4705503999736 331
1623758951894 270.25679683116607 332
1623759044086 235.68923598888418 333
1623759126815 238.16834447910188 334
1623759221670 271.5601898508677 335
1623759321652 286.59009847422686 336
1623759410591 275.49601096216395 337
1623759483794 221.31470073146383 338
1623759554426 212.48376416785044 339
1623759624663 286.71826886547564 340
1623759706523 286.71826886547564 341
1623759793061 278.03472586448225 342
1623759881981 283.3508005507038 343
1623759957892 278.05318471056546 344
1623760044413 277.20264210968475 345
1623760136534 277.20264210968475 346
1623760208160 255.4176319684957 347
1623760288623 261.0922224018015 348
1623760359276 261.0922224018015 349
1623760442681 301.26754695785513 350
1623760532324 301.26754695785513 351
1623760620771 247.3108666698222 352
1623760700263 247.3108666698222 353
1623760786696 260.661536352702 354
1623760861790 260.661536352702 355
1623760962027 268.68120494757943 356
1623761045073 293.21889492038855 357
1623761120710 293.21889492038855 358
1623761226711 282.3816792775521 359
1623761335566 298.07654266450766 360
1623761442974 298.07654266450766 361
1623761548854 285.89317451353634 362
1623761648043 283.49503867578187 363
1623761741501 276.3371789103577 364
1623761826261 210.48485744614035 365
1623761925177 281.74714881113607 366
1623762002711 281.1969685461052 367
1623762067015 231.3867593188109 368
1623762149924 236.39348603444472 369
1623762239088 278.4684702468004 370
1623762318023 270.21767132450117 371
1623762405637 272.16725345333805 372
1623762481181 275.26006231075405 373
1623762552066 275.26006231075405 374
1623762653644 244.57824477270168 375
1623762739183 275.1499592188874 376
1623762830295 275.1499592188874 377
1623762931137 281.7476626282269 378
1623763005601 281.7476626282269 379
1623763082376 274.4957781292071 380
1623763161779 265.0011576333924 381
1623763240728 283.1074379984133 382
1623763342699 279.9322098699872 383
1623763411933 279.9322098699872 384
1623763499912 277.9006724435333 385
1623763592245 277.9006724435333 386
1623763685183 275.6849694740564 387
1623763767576 273.01594633617583 388
1623763860524 273.01594633617583 389
1623763924458 224.4840944951264 390
1623764007808 295.51542191860074 391
1623764092790 295.51542191860074 392
1623764191181 266.50696901482286 393
1623764268259 266.50696901482286 394
1623764350842 235.15393440111788 395
1623764435352 254.99903330704402 396
1623764511769 304.1086001974982 397
1623764596585 297.7038057062098 398
1623764680581 246.84994269425542 399
