1623744000173 -1595.209951498875 0
1623744029792 -709.9581495333907 1
1623744047120 -210.77579090542773 2
1623744066015 -199.03013447629257 3
1623744083364 -146.82970568504135 4
1623744101924 -159.67349975530115 5
1623744120987 -143.4655335501124 6
1623744137719 -169.44721756575515 7
1623744153712 -152.7388687224399 8
1623744172570 -146.48077277639226 9
1623744189659 -141.87832318843647 10
1623744207069 -178.70450488579397 11
1623744223238 -157.88481014163523 12
1623744239351 -146.707602140409 13
1623744255223 -131.46633999965582 14
1623744271696 -129.87416663832778 15
1623744289571 -139.43380671974887 16
1623744305817 -138.29951452648484 17
1623744321311 -141.6876154466076 18
1623744337122 -128.0608555837836 19
1623744353657 -120.32251983299253 20
1623744370726 -123.84177151956519 21
1623744390203 -158.18922397910217 22
1623744406256 -147.59617552684145 23
1623744420626 -126.79229314852007 24
1623744436937 -139.06848979963007 25
1623744453974 -123.17931131222903 26
1623744473408 -164.17933287097713 27
1623744494013 -175.36909363485302 28
1623744515150 -188.51611877515361 29
1623744541215 -249.8157675588488 30
1623744568660 -132.4532484698111 31
1623744595491 -113.10273622006511 32
1623744623165 -130.36556408927737 33
1623744656350 -96.30099473703285 34
1623744684766 -126.3855914793634 35
1623744715127 -114.03804368992353 36
1623744748288 -141.464778412911 37
1623744775377 -176.55233565127702 38
1623744809111 -118.28869418244145 39
1623744836452 -177.18329221354355 40
1623744862468 -134.39307691018712 41
1623744891472 -148.7185857834931 42
1623744922426 -197.06129884111266 43
1623744947564 -170.103411214926 44
1623744989634 -112.01174291823129 45
1623745036207 -126.68837045175124 46
1623745083945 -123.02586679250085 47
1623745115019 -144.24509085309236 48
1623745154597 -110.11247555185773 49
1623745192795 -138.96526812129986 50
1623745229057 -104.02173447626868 51
1623745284146 -108.1241433441699 52
1623745320339 -129.1172388755953 53
1623745367420 -52.76273102812752 54
1623745398410 -329.33058058152113 55
1623745428433 -104.47408903910552 56
1623745455919 -120.78838287963063 57
1623745495347 -145.2808808887793 58
1623745526446 -137.91754220541014 59
1623745571115 -107.73844348031442 60
1623745612066 -167.82091971187552 61
1623745646311 -127.35028431843617 62
1623745678366 -134.4757494705355 63
1623745706165 -154.1022550410684 64
1623745741802 -136.16352507430324 65
1623745765623 -135.31135790174147 66
1623745793453 -146.45590808818224 67
1623745820775 -142.70783010729053 68
1623745845578 -150.82111062188437 69
1623745873301 -118.62619749967116 70
1623745906674 -130.05906473629898 71
1623745940958 -118.57868915504086 72
1623745979375 -133.97919432644957 73
1623746015884 -82.15855142167368 74
1623746039505 -102.19222147998185 75
1623746084754 -108.7837427907431 76
1623746116148 -140.5090857355253 77
1623746145988 -150.2900331527057 78
1623746183919 -123.46206205873929 79
1623746239616 -67.81870990196767 80
1623746272387 -190.33634666477172 81
1623746305295 -83.87346178194677 82
1623746356179 -94.03447388453714 83
1623746383026 -103.66526385105078 84
1623746418936 -103.72661433692511 85
1623746461534 -103.68106653929215 86
1623746492702 -154.5331891902686 87
1623746528731 -168.80550697482386 88
1623746560182 -98.15121207266664 89
1623746597067 -85.11134200570568 90
1623746623751 -173.64146283904853 91
1623746666791 -84.55903803445942 92
1623746708907 -169.5247529223455 93
1623746744438 -142.10137719163075 94
1623746768770 -119.1078274978584 95
1623746800169 -168.77110373359068 96
1623746822445 -113.956560213865 97
1623746854057 -98.64740484049 98
1623746876523 -140.61652505593153 99
1623746902283 -123.56710424302462 100
1623746933421 -118.01141628802009 101
1623746966648 -118.95251692778042 102
1623747021798 -157.36680826271618 103
1623747057483 -95.06042136586255 104
1623747100688 -86.03435296873059 105
1623747141466 -76.22492262376687 106
1623747167242 -118.92358836462374 107
1623747219176 -117.68272201213463 108
1623747257216 -101.3249319301987 109
1623747292650 -103.09819706637384 110
1623747331290 -179.39961746946685 111
1623747369786 -139.62466741375928 112
1623747401524 -133.01670397823096 113
1623747449255 -111.3938090170299 114
1623747485104 -155.86475437368367 115
1623747557220 -91.62977555411526 116
1623747649080 -51.49038806228922 117
1623747683696 -161.19822702168898 118
1623747711742 -138.70786424111333 119
1623747772088 -59.46057179646086 120
1623747833552 -120.78882333249706 121
1623747887183 -116.42655362345329 122
1623747933376 -113.5749269505355 123
1623747979738 -75.86689982960829 124
1623748039210 -92.22355066645956 125
1623748069854 -139.0950443278031 126
1623748113244 -119.90951260227105 127
1623748144780 -180.99344287214078 128
1623748182545 -129.89640001187644 129
1623748233838 -71.01889250202507 130
1623748280635 -105.88803506544316 131
1623748325120 -85.54975388521976 132
1623748359573 -141.42475408906552 133
1623748408378 -148.44936040679966 134
1623748443100 -142.2201661138394 135
1623748478491 -105.13786912782106 136
1623748550640 -102.06571455460596 137
1623748644727 -78.28432716378711 138
1623748699555 -94.58973973319806 139
1623748754703 -135.14933394730994 140
1623748785890 -133.67822850972757 141
1623748822104 -108.24027885760594 142
1623748867534 -124.19568126171171 143
1623748934198 -54.26384021151239 144
1623749021900 -42.998671702108666 145
1623749066644 -70.46529162938529 146
1623749129352 -112.40291304188472 147
1623749170423 -111.66827980858129 148
1623749204694 -120.11148852687938 149
1623749241685 -81.37538696516835 150
1623749273286 -160.6336861290496 151
1623749315478 -146.96806655715946 152
1623749360394 -135.41738553022313 153
1623749426449 -24.178618785142902 154
1623749473255 -45.91752379327388 155
1623749514567 -52.30284681957871 156
1623749558417 -75.03322545896222 157
1623749598981 -110.73159495541779 158
1623749653649 -7.2169946640205325 159
1623749685633 -167.37048449495956 160
1623749727107 -105.2486911519214 161
1623749768865 -108.99211937391541 162
1623749797390 -163.88530583668177 163
1623749852819 -104.44142864644894 164
1623749902808 -99.71440304617524 165
1623749952788 -120.05870433322318 166
1623750027472 -37.30768971486387 167
1623750091329 -74.44443215429722 168
1623750144870 -107.81353139402968 169
1623750198878 -89.25398018041612 170
1623750233734 -108.96271321140966 171
1623750285893 -84.0258393002836 172
1623750337951 -60.93921938559274 173
1623750382754 -109.57397472962732 174
1623750411059 -185.06220478997608 175
1623750455583 -122.7050834701306 176
1623750525662 -66.47577657995626 177
1623750553929 -182.16372129918935 178
1623750597454 -127.39287859784818 179
1623750645325 -146.40633116872482 180
1623750706940 -104.46213300647847 181
1623750784223 -91.94569072298702 182
1623750850772 -131.71075254764904 183
1623750912199 -82.98880784777563 184
1623750962749 -76.31892363313416 185
1623751000784 -102.7369651564572 186
1623751054450 -50.18090247275649 187
1623751114437 -135.788817961527 188
1623751145091 -176.25737330293055 189
1623751200395 -140.17604714763246 190
1623751232126 -167.49196602286892 191
1623751269597 -107.10245364680804 192
1623751303402 -164.81050683291704 193
1623751336048 -139.71360044853455 194
1623751378099 -107.4360642338889 195
1623751426563 -80.00849651307679 196
1623751454704 -144.46105345576967 197
1623751482017 -118.40729313036798 198
1623751512957 -160.20176757173485 199
1623751552773 -71.70516487050395 200
1623751587969 -120.78174282450422 201
1623751618028 -127.22279507513834 202
1623751656742 -109.00118534322205 203
1623751685832 -120.83451696510322 204
1623751718201 -93.12423181290939 205
1623751763946 -136.78252748270629 206
1623751824490 -40.660709402583095 207
1623751888165 -34.510264653525574 208
1623751925887 -123.63715219103729 209
1623751972896 -106.74180180901712 210
1623752004911 -156.32455139283303 211
1623752053857 -81.57321143697304 212
1623752084961 -130.98011470516013 213
1623752131385 -94.78577311065679 214
1623752164885 -184.257387819215 215
1623752215501 -192.4915429026374 216
1623752279849 -120.52190019069636 217
1623752318302 -110.76906194592257 218
1623752353204 -148.31285487538534 219
1623752397451 -135.0227062746299 220
1623752443443 -131.67971355354274 221
1623752486261 -115.21322212617709 222
1623752529156 -160.31749598444094 223
1623752578027 -88.71740176590737 224
1623752627642 -127.55742843024731 225
1623752672508 -89.64910473434793 226
1623752722432 -173.674083617667 227
1623752769735 -65.85184304891973 228
1623752815457 -211.9062449866267 229
1623752858272 -107.70455327126915 230
1623752909816 -129.02615550482625 231
1623752939340 -132.92650172780742 232
1623752991651 -115.86513598763808 233
1623753032201 -130.74308889741596 234
1623753067296 -200.5414652906099 235
1623753114307 -131.58690880359896 236
1623753192126 -47.96772110869183 237
1623753237869 -116.62923674816678 238
1623753306186 -37.01165375404927 239
1623753332853 -210.53753597409408 240
1623753381306 -133.09530997042478 241
1623753409681 -142.29861814210835 242
1623753476338 -184.83513961520694 243
1623753522939 -135.0999308233852 244
1623753552002 -153.66748650507597 245
1623753592620 -145.7362655369348 246
1623753646408 -73.97333331700216 247
1623753691778 -121.88109663029347 248
1623753767027 -96.12323009127226 249
1623753806902 -139.3650328199431 250
1623753849300 -114.42248733836769 251
1623753900544 -125.91796120148555 252
1623753961842 -93.81477864515743 253
1623754014259 -132.15786225847273 254
1623754072554 -105.29878092996282 255
1623754130908 -141.2029276603283 256
1623754197953 -111.16928155936917 257
1623754238980 -139.88481293515346 258
1623754298395 -132.02869827449518 259
1623754353627 -115.76540667591757 260
1623754393625 -100.89392164575067 261
1623754442457 -119.99048425912001 262
1623754513334 -107.42513746094482 263
1623754564422 -171.65798745446108 264
1623754620068 -107.52536984023 265
1623754653369 -196.18304894661236 266
1623754697278 -119.46960246520575 267
1623754754776 -55.45145775456865 268
1623754799156 -165.56212438740795 269
1623754852294 -101.33429027655077 270
1623754902955 -83.39297064728478 271
1623754947002 -134.29215580143955 272
1623754991836 -151.7595911573998 273
1623755033943 -109.87935923189647 274
1623755109885 -97.83011477907675 275
1623755163040 -98.36109009834867 276
1623755213738 -105.10232992118219 277
1623755253500 -121.35995688479065 278
1623755308180 -78.3257053585344 279
1623755358855 -162.85623997066483 280
1623755417644 -112.53162418575286 281
1623755472219 -67.09212646773805 282
1623755526178 -132.00746582069465 283
1623755582427 -111.35405517257882 284
1623755638731 -131.28547375528882 285
1623755698399 -115.74221366075554 286
1623755758300 -118.28704302293113 287
1623755810920 -115.4554700600678 288
1623755871490 -71.78724359233698 289
1623755924793 -66.99699361041607 290
1623756005112 -68.69109139333382 291
1623756071552 -280.1555826793157 292
1623756116857 -68.57274906501517 293
1623756172391 -133.35508481817084 294
1623756212697 -114.83269934403654 295
1623756268325 -84.02991795829807 296
1623756300121 -135.79946109183484 297
1623756349520 -151.49943337843553 298
1623756410406 -127.41709362508277 299
1623756473844 -108.3424004295988 300
1623756507161 -141.98132258444352 301
1623756564301 -42.51130350714958 302
1623756622851 -67.19545945093782 303
1623756668026 -63.31324153467625 304
1623756731948 -62.300040528667886 305
1623756790673 -93.3074073746349 306
1623756855665 -114.11510023256933 307
1623756942659 -98.84579181652393 308
1623757024279 -34.391819854626 309
1623757091494 -83.43355429940462 310
1623757172315 -30.74676853787738 311
1623757226290 -68.57141706171367 312
1623757288623 -87.33285696777993 313
1623757371771 -103.98120934223762 314
1623757473082 -44.40523539605897 315
1623757536619 -133.34881236597 316
1623757624922 -165.31295609224014 317
1623757714263 -59.68011901501973 318
1623757788689 -26.777568188265832 319
1623757857589 -75.00495582556482 320
1623757943878 -78.66711136504901 321
1623758030012 -89.86451659624147 322
1623758121999 -57.00899833255882 323
1623758209166 -73.60162058728514 324
1623758317494 -82.8208281089698 325
1623758394163 -65.79584592373897 326
1623758487113 -74.59849670096261 327
1623758594305 -97.65023862807713 328
1623758691824 -105.3762554978806 329
1623758780685 -89.4279508601665 330
1623758875212 -136.10998992011508 331
1623758951842 -133.41845718475605 332
1623759044036 -64.69674225470938 333
1623759126752 -34.57553143941973 334
1623759221621 -98.30166501115653 335
1623759321603 -111.01410249347946 336
1623759410544 -68.12956455875164 337
1623759483745 -124.31884846129415 338
1623759554377 -188.12074885024714 339
1623759624615 -172.20023751002924 340
1623759706477 -162.62313886974928 341
1623759793014 -49.22964136709078 342
1623759881932 -46.66865731694453 343
1623759957844 -126.38907174102482 344
1623760044362 -39.78570495292326 345
1623760136487 -74.5954775092868 346
1623760208110 -81.0872377863097 347
1623760288577 -80.41849553694226 348
1623760359230 -117.64862078938229 349
1623760442633 -113.61521722005689 350
1623760532274 -80.3167165094741 351
1623760620723 -115.8516825019922 352
1623760700218 -145.969467779407 353
1623760786649 -73.93464316906334 354
1623760861745 -73.70825254999258 355
1623760961977 -14.970708112442463 356
1623761045026 -93.31959652229104 357
1623761120633 -40.40100548184178 358
1623761226660 -44.71523058073484 359
1623761335497 -41.553625639067704 360
1623761442921 -88.98892519083073 361
1623761548781 -38.800458452216475 362
1623761647984 -60.64616821745667 363
1623761741445 -77.54050345212872 364
1623761826202 -133.30203224943585 365
1623761925123 -136.7897650406622 366
1623762002659 -119.1461979243924 367
1623762066965 -135.80146620957592 368
1623762149857 -73.9445344009439 369
1623762239031 -101.81376115008725 370
1623762317968 -85.7810943749796 371
1623762405585 -87.65763268875385 372
1623762481126 -21.673364766189604 373
1623762552016 -76.7374800482509 374
1623762653594 -1.5479472456049053 375
1623762739129 -8.440601368432567 376
1623762830245 -29.372238524576694 377
1623762931086 -2.8946986222645363 378
1623763005551 -83.51825482241102 379
1623763082329 -43.39027900770863 380
1623763161731 -50.69633102686687 381
1623763240677 -69.37788043686916 382
1623763342644 -46.29667253148419 383
1623763411876 -76.11995320082198 384
1623763499862 -95.31448099533131 385
1623763592197 -73.48307701938144 386
1623763685134 -65.39957392409751 387
1623763767522 -35.690608077233605 388
1623763860471 -97.77571273315036 389
1623763924401 -75.58424494720609 390
1623764007740 -106.18798863471814 391
1623764092736 -117.37143930676459 392
1623764191131 -23.37452994613673 393
1623764268209 -73.00325526460577 394
1623764350790 -78.79611411582803 395
1623764435299 -65.03405517554143 396
1623764511719 -54.84958977018778 397
1623764596527 -124.23553970882597 398
1623764680522 9.538251368564847 399
