1623704296520 -472 0
1623704326675 -246 1
1623704349341 -130 2
1623704371573 -142 3
1623704390868 -127 4
1623704414334 -134 5
1623704438072 -144 6
1623704459967 -127 7
1623704479497 -131 8
1623704501024 -111 9
1623704522004 -109 10
1623704542493 -122 11
1623704567896 -116 12
1623704588415 -102 13
1623704610719 -108 14
1623704642407 -131 15
1623704672134 -147 16
1623704701056 -115 17
1623704735579 -123 18
1623704775250 -135 19
1623704806733 -128 20
1623704837963 -102 21
1623704864614 -92 22
1623704890136 -122 23
1623704922463 -149 24
1623704949877 -144 25
1623704978025 -136 26
1623705014199 -110 27
1623705046578 -127 28
1623705078967 -130 29
1623705112926 -148 30
1623705144331 -103 31
1623705169422 -114 32
1623705198607 -144 33
1623705224303 -133 34
1623705254107 -138 35
1623705278796 -140 36
1623705302646 -116 37
1623705333126 -128 38
1623705359223 -127 39
1623705386979 -126 40
