1623704296540 -82.56732044807366 0
1623704326698 -82.56732044807366 1
1623704349363 -49.94149941352521 2
1623704371601 -77.30099536451728 3
1623704390892 -92.54835588253475 4
1623704414353 -99.37007303549925 5
1623704438096 -110.44093858392452 6
1623704459991 -100.49938489345848 7
1623704479519 -106.73539960601218 8
1623704501046 -83.11535940382362 9
1623704522033 -102.84011220540049 10
1623704542530 -107.4445602671382 11
1623704567920 -93.33109731678296 12
1623704588441 -93.33109731678296 13
1623704610754 -102.21163494286468 14
1623704642439 -96.16698404482297 15
1623704672167 -96.16698404482297 16
1623704701089 -59.5209134970391 17
1623704735614 -59.5209134970391 18
1623704775287 -78.5451656211026 19
1623704806768 -78.5451656211026 20
1623704837993 -33.78849117019699 21
1623704864640 -33.78849117019699 22
1623704890171 -44.22410173003478 23
1623704922500 -101.46189139877711 24
1623704949909 -82.75204965845171 25
1623704978063 -110.63323024454787 26
1623705014233 -64.0420199450331 27
1623705046614 -73.91546698102505 28
1623705079004 -86.0482623809572 29
1623705112963 -86.0482623809572 30
1623705144365 -83.53090383966624 31
1623705169448 -83.53090383966624 32
1623705198635 -112.78705636783516 33
1623705224336 -121.83672683114101 34
1623705254135 -116.01578856725658 35
1623705278826 -103.84805966854245 36
1623705302681 -97.42656250735527 37
1623705333161 -97.42656250735527 38
1623705359246 -100.43878962548422 39
1623705387015 -81.54173528155616 40
