1623704296501 -1595.209951498875 0
1623704326650 -530.017796865908 1
1623704349323 -287.8967596279802 2
1623704371543 -276.1208044201135 3
1623704390849 -131.52870434313013 4
1623704414314 -306.3579152359628 5
1623704438047 -150.1794379721414 6
1623704459943 -130.9932479319122 7
1623704479472 -132.84791924696705 8
1623704500996 -132.56874471602026 9
1623704521972 -111.08605550473003 10
1623704542455 -125.58198189875091 11
1623704567872 -118.5710870120785 12
1623704588394 -102.53775853699945 13
1623704610684 -109.50479281915486 14
1623704642373 -137.61006619123407 15
1623704672101 -151.02735572873476 16
1623704701023 -116.23065772863715 17
1623704735545 -127.0333846510724 18
1623704775213 -171.53770631211827 19
1623704806696 -131.2207883858933 20
1623704837935 -112.02326535519333 21
1623704864591 -103.1455865455167 22
1623704890076 -159.92258074279027 23
1623704922428 -160.58837374736942 24
1623704949851 -145.75287096480025 25
1623704977958 -138.01839673255427 26
1623705014165 -123.15926688988061 27
1623705046543 -135.56204039081936 28
1623705078928 -137.50211021798083 29
1623705112890 -156.98699985649188 30
1623705144300 -172.57246909027353 31
1623705169394 -120.54134821288521 32
1623705198578 -303.4306822582845 33
1623705224270 -133.74591413543249 34
1623705254077 -142.662290992383 35
1623705278770 -153.2931436546636 36
1623705302615 -140.09811098202533 37
1623705333089 -134.43502826092748 38
1623705359193 -129.24964218098788 39
1623705386941 -203.50936027796652 40
