1623701700238 -100000365 0
1623701707331 -381 1
1623701712917 -287 2
1623701718638 -187 3
1623701725521 -240 4
1623701730616 -173 5
1623701740546 -252 6
1623701746994 -294 7
1623701752171 -199 8
1623701757353 -171 9
1623701762729 -219 10
1623701768490 -211 11
1623701774352 -213 12
1623701784985 -244 13
1623701791265 -212 14
1623701798704 -217 15
1623701803926 -191 16
1623701809893 -202 17
1623701816722 -236 18
1623701821915 -176 19
1623701829891 -267 20
1623701836081 -231 21
1623701847982 -357 22
1623701855065 -228 23
1623701861205 -276 24
1623701867397 -228 25
1623701873566 -144 26
1623701884132 -108 27
1623701893090 -215 28
1623701901081 -271 29
1623701908299 -287 30
1623701916048 -192 31
1623701923056 -262 32
1623701929075 -194 33
1623701935260 -230 34
1623701940963 -209 35
1623701947998 -244 36
1623701953821 -165 37
1623701962159 -272 38
1623701967932 -207 39
1623701974329 -208 40
1623701983542 -276 41
1623701989223 -186 42
1623701994233 -154 43
1623701999892 -178 44
1623702006129 -207 45
1623702013312 -178 46
1623702018981 -192 47
1623702025054 -226 48
1623702031191 -144 49
1623702037678 -220 50
1623702044565 -191 51
1623702049424 -151 52
1623702055048 -177 53
1623702060450 -173 54
1623702066641 -190 55
1623702075019 -252 56
1623702080843 -186 57
1623702086003 -232 58
1623702091745 -254 59
1623702097417 -231 60
1623702103332 -158 61
1623702109077 -222 62
1623702116169 -187 63
1623702124147 -232 64
1623702130979 -299 65
1623702136200 -183 66
1623702142408 -316 67
1623702150512 -258 68
1623702156048 -238 69
1623702162403 -187 70
1623702167792 -185 71
1623702173484 -158 72
1623702179337 -194 73
1623702186210 -196 74
1623702191982 -179 75
1623702197131 -174 76
1623702202770 -244 77
1623702209707 -323 78
1623702216336 -207 79
1623702222927 -183 80
1623702228964 -222 81
1623702234332 -123 82
1623702241045 -181 83
1623702247437 -198 84
1623702254412 -222 85
1623702265718 -216 86
1623702273241 -167 87
1623702277928 -155 88
1623702284306 -161 89
1623702290139 -233 90
1623702297936 -281 91
1623702303416 -200 92
1623702309803 -196 93
1623702315687 -195 94
1623702320565 -156 95
1623702326063 -182 96
1623702332419 -187 97
1623702338118 -189 98
1623702343926 -208 99
