1623701700258 -112.45825090040694 0
1623701707352 -112.45825090040694 1
1623701712938 -112.45825090040694 2
1623701718657 -108.10708148609145 3
1623701725541 -105.17737715099076 4
1623701730636 -81.42757181249611 5
1623701740566 -70.55466481884828 6
1623701747013 -70.55466481884828 7
1623701752192 -70.55466481884828 8
1623701757372 -35.75675151495086 9
1623701762754 -35.75675151495086 10
1623701768510 -35.75675151495086 11
1623701774371 -35.75675151495086 12
1623701785007 -35.75675151495086 13
1623701791284 -35.75675151495086 14
1623701798728 -35.75675151495086 15
1623701803949 -35.75675151495086 16
1623701809913 -35.75675151495086 17
1623701816742 -35.75675151495086 18
1623701821934 -35.75675151495086 19
1623701829916 -35.75675151495086 20
1623701836102 -35.75675151495086 21
1623701848003 -35.75675151495086 22
1623701855086 -35.75675151495086 23
1623701861225 -27.3203165242453 24
1623701867417 -27.3203165242453 25
1623701873586 -27.3203165242453 26
1623701884156 36.74322759196201 27
1623701893111 36.74322759196201 28
1623701901100 36.74322759196201 29
1623701908321 36.74322759196201 30
1623701916072 36.74322759196201 31
1623701923078 36.74322759196201 32
1623701929098 36.74322759196201 33
1623701935281 36.74322759196201 34
1623701940983 36.74322759196201 35
1623701948024 36.74322759196201 36
1623701953849 36.74322759196201 37
1623701962184 36.74322759196201 38
1623701967953 36.74322759196201 39
1623701974349 36.74322759196201 40
1623701983561 36.74322759196201 41
1623701989242 36.74322759196201 42
1623701994253 36.74322759196201 43
1623701999913 36.74322759196201 44
1623702006150 36.74322759196201 45
1623702013333 36.74322759196201 46
1623702019003 36.74322759196201 47
1623702025077 36.74322759196201 48
1623702031210 36.74322759196201 49
1623702037697 36.74322759196201 50
1623702044584 36.74322759196201 51
1623702049444 36.74322759196201 52
1623702055067 36.74322759196201 53
1623702060468 36.74322759196201 54
1623702066662 36.74322759196201 55
1623702075040 36.74322759196201 56
1623702080866 36.74322759196201 57
1623702086025 36.74322759196201 58
1623702091767 36.74322759196201 59
1623702097439 36.74322759196201 60
1623702103355 36.74322759196201 61
1623702109100 36.74322759196201 62
1623702116193 36.74322759196201 63
1623702124167 36.74322759196201 64
1623702131000 36.74322759196201 65
1623702136223 36.74322759196201 66
1623702142435 36.74322759196201 67
1623702150531 36.74322759196201 68
1623702156069 36.74322759196201 69
1623702162425 36.74322759196201 70
1623702167812 36.74322759196201 71
1623702173504 36.74322759196201 72
1623702179358 36.74322759196201 73
1623702186233 36.74322759196201 74
1623702192003 36.74322759196201 75
1623702197156 36.74322759196201 76
1623702202792 36.74322759196201 77
1623702209728 36.74322759196201 78
1623702216360 36.74322759196201 79
1623702222951 36.74322759196201 80
1623702228983 36.74322759196201 81
1623702234360 36.74322759196201 82
1623702241067 36.74322759196201 83
1623702247458 36.74322759196201 84
1623702254437 36.74322759196201 85
1623702265740 36.74322759196201 86
1623702273261 36.74322759196201 87
1623702277951 36.74322759196201 88
1623702284330 36.74322759196201 89
1623702290159 36.74322759196201 90
1623702297960 36.74322759196201 91
1623702303436 36.74322759196201 92
1623702309824 36.74322759196201 93
1623702315707 36.74322759196201 94
1623702320585 36.74322759196201 95
1623702326084 36.74322759196201 96
1623702332441 36.74322759196201 97
1623702338141 36.74322759196201 98
1623702343954 36.74322759196201 99
