1623701700220 -1000000000.0 0
1623701707312 -745.8416949732476 1
1623701712897 -516.0908485236262 2
1623701718618 -611.4074171245344 3
1623701725502 -606.86075758661 4
1623701730596 -403.87863207426517 5
1623701740527 -782.6022176204762 6
1623701746974 -642.5658980059802 7
1623701752152 -518.9793697632955 8
1623701757332 -444.7889836396949 9
1623701762711 -555.1756946907832 10
1623701768470 -668.4606812914764 11
1623701774332 -620.4979285731449 12
1623701784966 -663.9539157430992 13
1623701791247 -643.229113451841 14
1623701798685 -627.9527657492575 15
1623701803903 -600.9290906352136 16
1623701809872 -585.5642379909624 17
1623701816704 -698.6019072974676 18
1623701821893 -542.9611661119098 19
1623701829870 -1106.463377146003 20
1623701836061 -523.6703441816784 21
1623701847962 -1060.390524047369 22
1623701855042 -678.4249208101742 23
1623701861186 -696.4199714905604 24
1623701867376 -701.8697806665396 25
1623701873543 -458.89672496663934 26
1623701884099 -765.6269802370734 27
1623701893066 -713.147975156563 28
1623701901059 -994.0449323039375 29
1623701908277 -689.7944949651315 30
1623701916016 -545.4282237731712 31
1623701923034 -703.4113331688472 32
1623701929053 -560.3586913587384 33
1623701935241 -580.7036451304716 34
1623701940945 -527.1899666153557 35
1623701947978 -628.7076045708928 36
1623701953795 -475.24454710463993 37
1623701962139 -695.3544653399258 38
1623701967912 -514.8059236003811 39
1623701974310 -600.0745796927116 40
1623701983522 -1328.7264463812269 41
1623701989201 -644.7200870244993 42
1623701994213 -497.940634959579 43
1623701999871 -614.3717617878136 44
1623702006108 -631.0212883188741 45
1623702013292 -629.8779293196234 46
1623702018957 -551.6674391871496 47
1623702025034 -583.1942020560721 48
1623702031170 -598.30947399365 49
1623702037657 -719.0485730102864 50
1623702044544 -614.9231819390792 51
1623702049403 -483.9536942134552 52
1623702055027 -633.7210750422819 53
1623702060423 -619.0581628363894 54
1623702066620 -550.6691369929327 55
1623702074998 -858.4312257431576 56
1623702080823 -575.0523045661557 57
1623702085981 -451.90925412986013 58
1623702091723 -589.6679887010442 59
1623702097396 -617.0297227069817 60
1623702103310 -521.6848515312843 61
1623702109056 -571.6149296287173 62
1623702116148 -768.5147317532328 63
1623702124124 -728.0971636630693 64
1623702130959 -786.2947961478482 65
1623702136179 -513.5609650707096 66
1623702142387 -697.4702899476737 67
1623702150489 -1354.888088488317 68
1623702156026 -575.8259042611011 69
1623702162383 -884.1523981583538 70
1623702167772 -501.89756857694124 71
1623702173461 -581.5063249575093 72
1623702179316 -619.1453547762948 73
1623702186189 -764.3192581274142 74
1623702191962 -535.1973460187309 75
1623702197111 -534.9016932540311 76
1623702202749 -552.2819247356912 77
1623702209687 -904.7542632723122 78
1623702216313 -611.1609462770738 79
1623702222901 -544.4455855439492 80
1623702228944 -560.2191568031433 81
1623702234309 -430.4288950728162 82
1623702241022 -573.6162653571707 83
1623702247415 -604.5577810034846 84
1623702254387 -761.6053553913131 85
1623702265697 -2267.7387436988693 86
1623702273221 -601.0382251650336 87
1623702277909 -487.98152723744903 88
1623702284286 -548.6520535857916 89
1623702290120 -612.4372319397836 90
1623702297916 -1275.86684422864 91
1623702303395 -576.7567845319729 92
1623702309783 -718.2888628408341 93
1623702315666 -551.6722086006848 94
1623702320546 -487.4307181940597 95
1623702326039 -592.4529373836332 96
1623702332396 -686.6045231175036 97
1623702338096 -628.798679142879 98
1623702343905 -549.4605260071758 99
