1623765341692 -483.45684102369154 0
1623765378136 -203.02386030219114 1
1623765408015 -112.27829571630049 2
1623765436895 -108.01658629834263 3
1623765464659 -117.6354558917155 4
1623765483720 -129.80306185693473 5
1623765503821 -127.60257800209945 6
1623765529134 -151.97482356571336 7
1623765553018 -129.77362929379822 8
1623765574759 -118.78856409410223 9
1623765598218 -143.27600853268206 10
1623765620407 -132.60712615831463 11
1623765642210 -127.562619945622 12
1623765666039 -106.15717855819054 13
1623765690505 -126.81268849958958 14
1623765717007 -138.55617759700124 15
1623765741802 -127.73740421095226 16
1623765769813 -103.47086661754537 17
1623765799010 -101.43538995617207 18
1623765822768 -91.41669833763234 19
1623765849994 -77.73670635741328 20
1623765877456 -84.7174333872641 21
1623765899920 -100.54434950634386 22
1623765930113 -118.8840159048324 23
1623765956995 -106.03131253888803 24
1623765983839 -98.10706629507186 25
1623766015203 -53.76895002159057 26
1623766043411 -44.42195521992503 27
1623766071549 -81.43459700670178 28
1623766102276 -116.01835557266718 29
1623766132435 -81.54302971517491 30
1623766164430 -82.44191869883116 31
1623766193540 -97.90224463868928 32
1623766225847 -92.63425192716336 33
1623766251186 -106.12725539488258 34
1623766278151 -86.52992576452432 35
1623766309587 -89.35571031517746 36
1623766339383 -106.2903907384501 37
1623766370483 -89.9143669168413 38
1623766405258 -74.19563431260107 39
1623766433073 -71.42902185833732 40
1623766465305 -71.49158588561171 41
1623766500892 -37.71829911971277 42
1623766536608 -61.19243968436832 43
1623766567282 -83.87966052184426 44
1623766597777 -64.17007867925139 45
1623766629690 -84.18366850432103 46
1623766673381 -101.46188634489083 47
1623766707695 -54.07618735963431 48
1623766739644 -63.11542792287587 49
1623766772491 -86.23425146993048 50
1623766811055 -105.27054675808895 51
1623766852919 -54.35220188295842 52
1623766885401 -76.81676851990817 53
1623766924581 -72.70717238387276 54
1623766965176 -77.41440572695636 55
1623767001952 -77.71307810736407 56
1623767031885 -60.12212543640129 57
1623767063319 -80.93915309872479 58
1623767091218 -87.3047636650258 59
1623767120566 -24.340063643211778 60
1623767153048 -63.918064016795164 61
1623767197451 -85.27639581564588 62
1623767227797 -27.259781627384456 63
1623767264382 -41.87538013514315 64
1623767295885 -95.87595071613602 65
1623767331558 -84.49262776600334 66
1623767361612 -85.99302479748036 67
1623767401283 -70.09239003595216 68
1623767445222 -61.75087260957961 69
1623767484316 -44.116191817577146 70
1623767521397 -57.994184609764446 71
1623767557024 -29.238732385563573 72
1623767592402 -68.68823119176463 73
1623767623659 -78.75303609089767 74
1623767658864 -61.3459794878592 75
1623767690843 -91.42996073479095 76
1623767744217 -40.86542920888471 77
1623767775661 -91.98089578246267 78
1623767804978 -104.77419150950581 79
1623767839762 -85.16602346099852 80
1623767870926 -66.57222547924265 81
1623767901346 -67.85668539980108 82
1623767940479 -48.73298146680781 83
1623767976576 -40.03655957826973 84
1623768008107 -88.07969939664699 85
1623768051003 -88.99827957326599 86
1623768089815 -35.70114964024123 87
1623768127197 -46.94923664099071 88
1623768155102 -64.0564815024675 89
1623768189156 -69.57609611167284 90
1623768227503 -4.484811860106676 91
1623768255012 -39.04943415814292 92
1623768290064 -19.959421448932105 93
1623768324424 -36.77823043182922 94
1623768363641 -25.06234654415589 95
1623768390687 -58.62393480833015 96
1623768428395 -82.24864290805387 97
1623768462771 -69.05626001097006 98
1623768491199 -62.67607727374021 99
1623768539733 -13.228327744902204 100
1623768582324 -28.39482343884604 101
1623768646962 -7.070314068262182 102
1623768697647 -10.523813737416198 103
1623768748768 0.6868739906872554 104
1623768782502 -41.41872080034587 105
1623768825001 -74.88330325611015 106
1623768899534 -0.7656859641464661 107
1623768942218 -34.454544509656806 108
1623768987829 -11.121482834035625 109
1623769037094 -20.56873674814624 110
1623769069836 -43.79181984209753 111
1623769132542 8.8219887970907 112
1623769172604 -37.413290505003424 113
1623769201621 -102.51950729695993 114
1623769235301 -67.68185650554884 115
1623769282706 -51.75612803381253 116
1623769331289 -31.457689157972098 117
1623769363394 -62.46958581853467 118
1623769392471 -93.63074337731409 119
1623769439749 -70.73293148832138 120
1623769501540 -22.946808206852282 121
1623769555331 -60.32431692737569 122
1623769597443 -55.8358219645075 123
1623769645894 -60.008783204214794 124
1623769698997 -78.93330664574195 125
1623769739903 -105.46069817477134 126
1623769796590 -82.44687269106672 127
1623769832481 -73.82811927833394 128
1623769875386 -64.80849929996789 129
1623769917661 -36.210521568059505 130
1623769948138 -67.4587918113678 131
1623769994544 -105.00062935009261 132
1623770028869 -96.21540683982961 133
1623770076348 -52.12943074556276 134
1623770123264 -38.67711973082723 135
1623770168150 -61.04034494246812 136
1623770213454 -63.94687824241855 137
1623770256292 -51.82775057455797 138
1623770295824 -63.23512491218693 139
1623770332785 -75.8242290363364 140
1623770385044 -19.838442822206495 141
1623770436658 -33.09627999756008 142
1623770471660 -74.20699718432972 143
1623770502428 -77.41452667858395 144
1623770533147 -84.37490209129719 145
1623770563424 -74.91487819572724 146
1623770596224 -78.17983434934867 147
1623770626560 -65.4706102336135 148
1623770656154 -65.0069904458354 149
1623770693244 -64.63205256969944 150
1623770743005 -19.088885002384817 151
1623770777805 -41.15859113919204 152
1623770806089 -66.47493846176982 153
1623770837168 -63.324554558186385 154
1623770865177 -88.14596635272342 155
1623770901598 -17.69709776770208 156
1623770950579 5.015058061755625 157
1623770988459 -18.98202045964414 158
1623771040192 -73.94785612220284 159
1623771076762 -94.50680025374538 160
1623771112102 -50.310017061928626 161
1623771147608 -80.72854146874519 162
1623771181956 -91.69452360217639 163
1623771220170 -52.47633246469491 164
1623771257291 -79.85533963038965 165
1623771290448 -60.941026656957256 166
1623771320844 -58.00727525316709 167
1623771354148 -76.05264577002205 168
1623771383634 -81.24720597690116 169
1623771416047 -47.46095663559264 170
1623771444543 -41.618263366643056 171
1623771484083 -38.07488404400535 172
1623771524593 -27.857198319329378 173
1623771558936 -37.962826083854125 174
1623771589546 -64.09358548105237 175
1623771615468 -61.55767707842097 176
1623771653772 -60.41032683562773 177
1623771684700 -75.6900447667049 178
1623771718134 -70.36160273164478 179
1623771753457 -0.8446725336158397 180
1623771794066 -6.9338105858924655 181
1623771840476 -32.67364536415425 182
1623771871201 -83.6854280743174 183
1623771909360 -89.2039859416663 184
1623771947393 -58.60254237830573 185
1623771986011 -38.905616289020436 186
1623772022725 -69.40868266374783 187
1623772053672 -63.38960193510928 188
1623772082781 -46.117519211104494 189
1623772117359 -35.20387856350311 190
1623772152497 -43.80788885718361 191
1623772187364 -24.391498637972703 192
1623772223302 -31.250091830349117 193
1623772256750 -19.9262058515373 194
1623772295781 -48.248000244765514 195
1623772330066 -60.910524139417454 196
1623772372815 -13.955926149300566 197
1623772404310 -58.72592025113847 198
1623772445256 -64.95911955491664 199
1623772481898 -48.867061313873386 200
1623772514701 -63.72892681845419 201
1623772552342 -32.38878996538269 202
1623772586866 -40.969770592647116 203
1623772621472 -84.28583890875267 204
1623772650238 -62.578847959385975 205
1623772677509 -30.5396959775552 206
1623772707335 -72.78702910355345 207
1623772742258 -7.550462595966576 208
1623772774855 -29.192220302345167 209
1623772819370 -47.44189902629189 210
1623772850729 -60.65200764654979 211
1623772883194 -15.282627287381565 212
1623772912393 -57.67428616418358 213
1623772947499 -85.5029245585756 214
1623772978508 -87.12582681370732 215
1623773018580 -50.68578597340607 216
1623773055932 -29.91098365564946 217
1623773097217 -17.014496574371194 218
1623773129323 -49.960990954810825 219
1623773176166 -40.368989386604014 220
1623773223664 5.0956905913222865 221
1623773267900 -37.88189433565202 222
1623773309288 -38.40898641537143 223
1623773360617 -4.6194349578604825 224
1623773398277 -48.60663692452207 225
1623773438331 -17.55511122851491 226
1623773483141 -28.863383392864375 227
1623773515188 -58.96320376206807 228
1623773549580 -55.45467560587752 229
1623773602404 -20.1599524574108 230
1623773649703 -10.480835136428354 231
1623773686667 -44.69786121045785 232
1623773722679 -42.591555719153014 233
1623773759371 -16.896629853360466 234
1623773799386 -13.461435718427017 235
1623773833857 -46.7227290438334 236
1623773867620 -38.06968945872868 237
1623773912522 0.1350672147279321 238
1623773950861 3.9528524957108253 239
1623773990814 2.9938145664026585 240
1623774025408 -1.2885059796779794 241
1623774070613 -30.07510082544073 242
1623774105052 -50.178926104274026 243
1623774173068 -0.6984135909869065 244
1623774204082 -36.227095270187036 245
1623774246194 -1.964222716437297 246
1623774278396 -28.78402117095901 247
1623774335753 -0.6898046983597849 248
1623774363684 -47.112066262230165 249
1623774393962 -66.21652193523818 250
1623774435150 -42.64892190788549 251
1623774476719 -30.192586736414924 252
1623774512256 8.493104887811798 253
1623774545512 -11.45910990605896 254
1623774585603 -34.192959121286876 255
1623774618438 -64.77021798455634 256
1623774661675 -3.9827608501773124 257
1623774703396 -19.26561758968674 258
1623774734592 -47.121380695873455 259
1623774767458 -55.5145355109478 260
1623774831643 -2.2646325223546615 261
1623774873538 9.176257343262444 262
1623774933231 35.37185959341421 263
1623774993462 18.231384941064494 264
1623775029559 -12.129206954858645 265
1623775080458 -15.08067616711709 266
1623775131614 -34.17085882759138 267
1623775176997 -11.64671903298816 268
1623775214569 -45.78094492501044 269
1623775249735 -60.4028729322267 270
1623775292858 -33.86383430685082 271
1623775333385 1.126973488346382 272
1623775372518 -46.42448691384189 273
1623775410654 0.4269870336958031 274
1623775454514 13.20909567307402 275
1623775490900 -2.2097020237552796 276
1623775537463 -28.578371146993817 277
1623775572330 -0.7745511550679484 278
1623775610275 -23.328518012148997 279
1623775648847 -44.295390589778314 280
1623775694746 21.082968110162057 281
1623775724172 -38.74387220950391 282
1623775755326 -60.39962020411443 283
1623775789741 -67.94374798423729 284
1623775838427 25.37083739004524 285
1623775876690 -15.574666581633215 286
1623775926216 -35.71137632050426 287
1623775968281 -2.9182488053400744 288
1623776006368 -13.196968200457464 289
1623776041960 -26.157044049483257 290
1623776100205 33.88521549332581 291
1623776141546 0.8883469970104746 292
1623776176955 -42.48242948450365 293
1623776224132 11.730063860986553 294
1623776269998 14.242185054435247 295
1623776324460 44.03933491722469 296
1623776368948 15.134219785405719 297
1623776420244 33.92178666529648 298
1623776496190 67.82111872340863 299
1623776547612 11.618064814228996 300
1623776585927 -61.92479692050961 301
1623776625321 -5.783951255214095 302
1623776668433 -32.93700293686018 303
1623776710562 1.9898786363257701 304
1623776747106 -32.97068224644859 305
1623776790538 24.8902119626148 306
1623776837442 -20.45910941655403 307
1623776897318 44.50613239366456 308
1623776944175 7.475598527231138 309
1623776976001 -68.17076364595674 310
1623777013373 -39.21282946559055 311
1623777045877 -43.81093403268385 312
1623777091971 26.078075681182458 313
1623777140873 8.48735913467164 314
1623777177428 -56.3070321816273 315
1623777212232 -88.8131947497088 316
1623777253339 -11.168267112393591 317
1623777298026 -19.904902418743692 318
1623777332379 -23.505992042581045 319
1623777394895 13.47470428612693 320
1623777429918 -79.6405688178962 321
1623777488528 -63.55514955764349 322
1623777537527 1.348458081616846 323
1623777583479 -36.99930362972257 324
1623777619860 -40.19704854089305 325
1623777654104 -48.809703145624674 326
1623777681852 -69.16224372686658 327
1623777725507 -20.517171366715253 328
1623777760259 -30.85829276660252 329
1623777800111 -36.89958764085311 330
1623777838873 -51.20829321213221 331
1623777875667 -63.44807518411021 332
1623777918194 -2.0028227627653328 333
1623777959222 19.830463450180723 334
1623778002824 5.745795352350967 335
1623778034689 -53.39847341290591 336
1623778075386 -31.25778258062679 337
1623778134403 -23.675533221661208 338
1623778181441 -28.464546914199563 339
1623778212315 -73.49921541597331 340
1623778255581 -29.444935369256108 341
1623778297500 -28.674153761305366 342
1623778342414 -0.3362180275521651 343
1623778375996 -13.734086887595861 344
1623778423367 -2.093711266378227 345
1623778462196 -5.302270543675569 346
1623778505022 -12.738991543643815 347
1623778538818 -43.625393260533656 348
1623778575768 -40.89987811865976 349
1623778624952 -11.985652034746208 350
1623778650089 -74.17455624729001 351
1623778708522 -8.212747257802151 352
1623778755177 -14.145813064122569 353
1623778792821 -35.76670191530207 354
1623778843332 -4.683166264932708 355
1623778875987 -12.637190495114492 356
1623778928157 -10.43495927248134 357
1623778982564 19.27805490196242 358
1623779028333 -5.87463842365103 359
1623779072363 -37.53134242824892 360
1623779103153 -45.996886716204116 361
1623779158080 -3.3256449488858966 362
1623779215202 -31.407245654124782 363
1623779255301 -52.94186159962318 364
1623779310768 -69.80013148673326 365
1623779358253 -62.76867181303518 366
1623779433410 8.554624365265402 367
1623779469305 -16.748446450394542 368
1623779526052 -17.34602401006002 369
1623779586947 30.633072724919206 370
1623779648608 -9.11652465462697 371
1623779706304 -0.33670303401618185 372
1623779778009 -2.601824010414042 373
1623779851938 22.469560054836442 374
1623779920135 19.41984768793636 375
1623779968971 -26.51798527704292 376
1623780080497 66.13304099613153 377
1623780143452 48.97475164335437 378
1623780213556 11.234108705153027 379
1623780285051 7.373571455634923 380
1623780351906 27.74881582668897 381
1623780427639 9.686403055931546 382
1623780477392 2.8502711355214627 383
1623780506974 -47.451007311260724 384
1623780593521 19.350847683544423 385
1623780666792 21.575719150989094 386
1623780726715 22.78516344872889 387
1623780811906 46.881611351504816 388
1623780861421 -10.085545925418101 389
1623780904948 -51.498215453411795 390
1623780981040 47.79522862085864 391
1623781054488 48.838385136017905 392
1623781105451 -0.05091544044374686 393
1623781155866 -7.671397560565616 394
1623781249163 70.37250057238433 395
1623781330111 60.866963373947954 396
1623781382167 -1.5286882647110918 397
1623781465571 47.24155381134808 398
1623781515353 33.42779358072318 399
