1623765341712 -118.33490612607469 0
1623765378157 -118.33490612607469 1
1623765408035 -96.91035802144673 2
1623765436914 -96.91035802144673 3
1623765464679 -99.28980554785161 4
1623765483747 -115.75473227589205 5
1623765503841 -97.44912680527827 6
1623765529156 -97.44912680527827 7
1623765553038 -109.80809815822008 8
1623765574790 -92.33643814940088 9
1623765598237 -92.33643814940088 10
1623765620428 -112.9704729306371 11
1623765642232 -69.83700230455193 12
1623765666062 -69.83700230455193 13
1623765690527 -83.21047246736568 14
1623765717030 -94.54112586766647 15
1623765741822 -94.54112586766647 16
1623765769835 -84.35301535875698 17
1623765799031 -79.96836751745245 18
1623765822791 -73.3332677960455 19
1623765850022 -40.25350991935003 20
1623765877476 -40.25350991935003 21
1623765899945 -69.7084076679278 22
1623765930133 -77.07026848630503 23
1623765957018 -81.17308372149543 24
1623765983862 -61.2591354515744 25
1623766015230 -7.839639595504025 26
1623766043432 30.259538135617383 27
1623766071571 30.259538135617383 28
1623766102298 -70.53257523636213 29
1623766132454 -59.416420574975334 30
1623766164451 -41.23431447298791 31
1623766193561 -60.421145032045594 32
1623766225869 -71.92505893776966 33
1623766251216 -75.56610557226574 34
1623766278171 -48.84411091695578 35
1623766309619 -48.84411091695578 36
1623766339406 -56.294952871642884 37
1623766370502 -47.24526383148791 38
1623766405279 -30.727948481558293 39
1623766433105 -28.843559621436082 40
1623766465332 -28.843559621436082 41
1623766500913 -12.883138116526194 42
1623766536641 -12.883138116526194 43
1623766567304 -36.801529158415555 44
1623766597804 5.317284359967755 45
1623766629711 5.317284359967755 46
1623766673408 -7.141253392777469 47
1623766707726 -7.141253392777469 48
1623766739668 -5.4415932520561885 49
1623766772511 -5.4415932520561885 50
1623766811081 -40.3973257546711 51
1623766852946 -26.533953164323112 52
1623766885424 -27.702661004496797 53
1623766924606 -34.56161926389619 54
1623766965199 -15.422615456870975 55
1623767001974 -15.422615456870975 56
1623767031906 14.06745310460064 57
1623767063342 -7.277999527090816 58
1623767091253 -28.004966245254924 59
1623767120592 0.37356189561437814 60
1623767153077 -1.0443822180046851 61
1623767197479 -24.343970125425923 62
1623767227820 32.06537014772582 63
1623767264406 32.06537014772582 64
1623767295909 -5.910998012791924 65
1623767331580 -34.42336146662833 66
1623767361632 -34.42336146662833 67
1623767401303 -26.135388841297516 68
1623767445256 -15.896339135699042 69
1623767484339 -8.475368223816261 70
1623767521421 13.553796071207909 71
1623767557045 54.24427676788073 72
1623767592426 54.24427676788073 73
1623767623684 -21.045077777999886 74
1623767658887 49.57144156349629 75
1623767690870 49.57144156349629 76
1623767744239 33.24188654213076 77
1623767775687 33.24188654213076 78
1623767805001 -51.32251355739099 79
1623767839798 -19.839097760356527 80
1623767870955 -31.934893026700205 81
1623767901368 -9.98649265344477 82
1623767940500 18.982319437575864 83
1623767976601 8.982140093904082 84
1623768008131 8.852373207148872 85
1623768051026 -30.903112418229103 86
1623768089836 33.57296885347521 87
1623768127226 29.808308719974708 88
1623768155128 -1.9938998011463211 89
1623768189176 10.744579941200666 90
1623768227526 45.47349302666486 91
1623768255034 38.47074203068719 92
1623768290087 40.11748252204177 93
1623768324445 40.11748252204177 94
1623768363668 54.94546437386043 95
1623768390709 54.94546437386043 96
1623768428417 -35.272913247327566 97
1623768462794 -17.83986049453593 98
1623768491228 5.194081670992358 99
1623768539754 62.995076465893796 100
1623768582347 62.995076465893796 101
1623768646983 72.0395437500629 102
1623768697670 53.482739744945754 103
1623768748790 72.33990819307003 104
1623768782525 72.33990819307003 105
1623768825025 -2.351369627541021 106
1623768899556 114.93227149924044 107
1623768942240 103.85308724897826 108
1623768987853 68.02419654987806 109
1623769037116 68.02419654987806 110
1623769069859 15.095085047305009 111
1623769132568 77.64589685372798 112
1623769172626 75.60245173389444 113
1623769201643 -30.335943068009747 114
1623769235322 -42.27432780157269 115
1623769282730 -0.014192201128196302 116
1623769331310 19.44439653256408 117
1623769363419 19.44439653256408 118
1623769392495 -55.72467274298074 119
1623769439771 -4.702720775973131 120
1623769501567 19.30998967125081 121
1623769555354 9.4999041473131 122
1623769597471 -9.126564284151346 123
1623769645915 -9.126564284151346 124
1623769699035 -35.106537232529504 125
1623769739933 -43.72279444870143 126
1623769796629 4.042399816977524 127
1623769832505 4.042399816977524 128
1623769875410 -20.727597523637222 129
1623769917691 17.97136166831127 130
1623769948161 17.97136166831127 131
1623769994582 -23.558223603609584 132
1623770028899 -55.540724992670505 133
1623770076387 1.5753188800590465 134
1623770123301 1.5753188800590465 135
1623770168175 -0.5823663646354902 136
1623770213488 62.22358504762705 137
1623770256323 62.22358504762705 138
1623770295844 -17.78295625828438 139
1623770332813 -25.267503562448457 140
1623770385075 37.015662692254146 141
1623770436680 53.64311629076548 142
1623770471682 53.64311629076548 143
1623770502451 -37.89476375419354 144
1623770533169 -23.445632126038294 145
1623770563445 -28.14115750361149 146
1623770596247 -65.06891582173759 147
1623770626585 -20.748161348827317 148
1623770656177 -20.748161348827317 149
1623770693268 -22.88838858044454 150
1623770743034 99.64227503597809 151
1623770777829 99.64227503597809 152
1623770806109 -31.658902595584017 153
1623770837190 -31.658902595584017 154
1623770865205 -39.75515718574525 155
1623770901627 46.498141882329676 156
1623770950601 57.5450214753518 157
1623770988488 57.5450214753518 158
1623771040223 14.54096921551518 159
1623771076785 -26.30054169199848 160
1623771112123 -16.775019409773844 161
1623771147635 -16.775019409773844 162
1623771181984 -45.00485760091001 163
1623771220206 31.09324633566227 164
1623771257322 31.09324633566227 165
1623771290471 -17.96148845902081 166
1623771320869 -22.651870611129745 167
1623771354179 -32.046305805457656 168
1623771383664 -9.70219408909264 169
1623771416077 -5.416227527149241 170
1623771444566 -5.416227527149241 171
1623771484104 -2.1989853790309324 172
1623771524618 4.363831372285768 173
1623771558963 4.363831372285768 174
1623771589570 -11.45552185413913 175
1623771615492 -11.45552185413913 176
1623771653794 -22.284451625540896 177
1623771684724 -40.40062460965764 178
1623771718160 22.28947665604893 179
1623771753493 48.732342714542284 180
1623771794090 157.28334303320207 181
1623771840497 157.28334303320207 182
1623771871223 54.12640890021621 183
1623771909380 -12.766201565838923 184
1623771947416 68.0662069078328 185
1623771986033 68.0662069078328 186
1623772022747 23.68955720933683 187
1623772053694 23.68955720933683 188
1623772082804 58.126330987468315 189
1623772117380 58.126330987468315 190
1623772152521 3.977347008665306 191
1623772187386 64.0648590536531 192
1623772223324 64.0648590536531 193
1623772256773 14.802331951312752 194
1623772295810 14.802331951312752 195
1623772330096 -11.37592154610482 196
1623772372838 98.90304957382264 197
1623772404334 98.90304957382264 198
1623772445278 36.48298562982707 199
1623772481921 -2.7922632114707313 200
1623772514736 -2.7922632114707313 201
1623772552366 19.1742490506608 202
1623772586896 16.175188486117825 203
1623772621494 -26.018846749639096 204
1623772650268 -29.94410950061125 205
1623772677531 19.89342194306189 206
1623772707365 19.89342194306189 207
1623772742287 134.09666806616661 208
1623772774891 134.09666806616661 209
1623772819391 39.822784052978946 210
1623772850761 1.3197765293157147 211
1623772883224 66.15306943991918 212
1623772912416 66.15306943991918 213
1623772947521 -5.277470469914403 214
1623772978530 -21.76751400086531 215
1623773018610 41.958578935856494 216
1623773055963 48.392212804703924 217
1623773097239 99.69498484238673 218
1623773129349 99.69498484238673 219
1623773176189 34.548959519509694 220
1623773223687 211.26066759524582 221
1623773267923 211.26066759524582 222
1623773309310 76.05456188827989 223
1623773360639 98.37421051333835 224
1623773398302 97.64399354413942 225
1623773438354 89.54698743655301 226
1623773483162 89.54698743655301 227
1623773515212 -1.0708951958332307 228
1623773549603 1.1127712754654453 229
1623773602426 48.697334564940434 230
1623773649726 73.9815679787412 231
1623773686690 56.738217798445206 232
1623773722703 24.007664021821665 233
1623773759394 97.99084859661721 234
1623773799409 94.79570876299132 235
1623773833880 50.85604270070381 236
1623773867642 72.94695439327768 237
1623773912544 87.28855715736074 238
1623773950883 118.94205397124298 239
1623773990837 129.56669653485682 240
1623774025431 129.56669653485682 241
1623774070636 92.69554820167664 242
1623774105073 92.69554820167664 243
1623774173091 80.23339448346204 244
1623774204106 80.23339448346204 245
1623774246216 84.3357704596385 246
1623774278422 84.3357704596385 247
1623774335775 129.81784937832225 248
1623774363706 129.81784937832225 249
1623774393985 83.37320925565938 250
1623774435172 75.74601694145481 251
1623774476742 75.74601694145481 252
1623774512279 97.59839745710616 253
1623774545535 92.74449191490523 254
1623774585627 42.17591128115389 255
1623774618462 42.17591128115389 256
1623774661696 53.95997048168539 257
1623774703418 53.95997048168539 258
1623774734614 49.787344859283564 259
1623774767481 49.787344859283564 260
1623774831665 93.65858599624714 261
1623774873562 93.65858599624714 262
1623774933253 138.76148534208374 263
1623774993486 103.83040839989712 264
1623775029582 40.50625537201468 265
1623775080481 77.04084604480067 266
1623775131638 82.53583049375457 267
1623775177021 82.53583049375457 268
1623775214593 38.33894236701568 269
1623775249758 20.054693474055284 270
1623775292880 132.71427552222576 271
1623775333407 98.28561122648753 272
1623775372541 93.1532396012163 273
1623775410676 139.2517022009885 274
1623775454537 125.96473673426526 275
1623775490924 86.14856310430935 276
1623775537486 86.14856310430935 277
1623775572352 76.94592850777902 278
1623775610298 45.19822080328676 279
1623775648869 84.60276772687648 280
1623775694768 137.81555282008063 281
1623775724195 127.78592860087193 282
1623775755349 -3.1811922484404476 283
1623775789765 -5.886580840294707 284
1623775838453 185.04340850571617 285
1623775876713 182.89111681043215 286
1623775926239 89.83697452958654 287
1623775968303 124.46492342185961 288
1623776006391 65.01675889841837 289
1623776041982 40.940753534696036 290
1623776100228 140.75877060901416 291
1623776141569 140.75877060901416 292
1623776176979 51.41804238010328 293
1623776224156 133.72087012186313 294
1623776270020 196.31477603429312 295
1623776324483 152.07335554134153 296
1623776368971 114.43874916868344 297
1623776420267 89.62120581833406 298
1623776496213 173.3807902639124 299
1623776547636 137.6684742156695 300
1623776585949 19.13745442195367 301
1623776625347 95.78942600910916 302
1623776668455 53.10832977793266 303
1623776710585 151.06824436253947 304
1623776747129 151.06824436253947 305
1623776790560 133.7021306456948 306
1623776837465 94.30568275426566 307
1623776897341 141.12430998168242 308
1623776944198 111.83289214199786 309
1623776976026 66.72040446828446 310
1623777013396 78.62073946887338 311
1623777045902 47.81883417769109 312
1623777091995 157.56384181158984 313
1623777140896 141.13887005203065 314
1623777177451 107.25205639831913 315
1623777212255 -33.4282606638768 316
1623777253362 93.88438530412523 317
1623777298049 93.88438530412523 318
1623777332403 88.98243017779184 319
1623777394919 139.58358973848755 320
1623777429943 93.12029944658562 321
1623777488555 81.42023763473462 322
1623777537551 131.61516605246416 323
1623777583503 72.34635575238308 324
1623777619884 55.535161730563615 325
1623777654127 45.16971699659185 326
1623777681874 38.092153440435176 327
1623777725530 167.132690255152 328
1623777760283 118.47182661944684 329
1623777800135 41.976297290785 330
1623777838896 27.41523406953546 331
1623777875693 54.639861829880374 332
1623777918217 111.85453571847275 333
1623777959247 120.17417899017653 334
1623778002847 119.39476048728413 335
1623778034712 50.650958335365665 336
1623778075410 73.26178854189907 337
1623778134427 73.26178854189907 338
1623778181465 41.7843562879449 339
1623778212342 31.019484049483417 340
1623778255603 49.008519153945485 341
1623778297524 91.24163848390067 342
1623778342439 107.05637287184452 343
1623778376018 78.05963624048087 344
1623778423390 79.24550675129106 345
1623778462220 65.71978244045684 346
1623778505044 84.39899131045212 347
1623778538842 50.4243456118829 348
1623778575791 31.02020169614304 349
1623778624975 88.7692574591438 350
1623778650113 88.25823598486235 351
1623778708546 113.0649055406451 352
1623778755201 87.93028997408706 353
1623778792845 55.38480768117326 354
1623778843356 151.29372917727954 355
1623778876011 151.29372917727954 356
1623778928182 67.77272454710223 357
1623778982587 117.24992850275389 358
1623779028356 117.24992850275389 359
1623779072387 39.66364675220169 360
1623779103176 25.349755183760294 361
1623779158107 82.36923474279024 362
1623779215225 123.91167348575308 363
1623779255325 83.45247888959003 364
1623779310792 7.998565387051542 365
1623779358275 32.268375419023776 366
1623779433433 130.2345475199971 367
1623779469328 101.08570531599807 368
1623779526075 66.59359198595254 369
1623779586972 153.60757410613468 370
1623779648633 153.60757410613468 371
1623779706328 58.866677351134946 372
1623779778034 90.22054175095991 373
1623779851962 96.3554962465208 374
1623779920159 109.70655954424183 375
1623779968994 109.70655954424183 376
1623780080522 163.61743514014194 377
1623780143476 142.9494959229955 378
1623780213581 117.53475184937574 379
1623780285074 93.8459922698664 380
1623780351929 174.89455081711117 381
1623780427664 174.89455081711117 382
1623780477416 75.98172775662943 383
1623780507000 51.41538294982448 384
1623780593546 160.62530130156586 385
1623780666816 111.46090760483462 386
1623780726740 111.46090760483462 387
1623780811930 180.05506040072973 388
1623780861447 149.95644751069116 389
1623780904972 24.06416514412797 390
1623780981066 122.04292309435155 391
1623781054513 120.02415732541957 392
1623781105476 81.56635566032045 393
1623781155890 61.32318533549083 394
1623781249187 166.02777986245138 395
1623781330135 256.3264030471158 396
1623781382190 157.77220710127133 397
1623781465596 118.02809794324625 398
1623781515377 114.96781806710666 399
