1623765341671 -1353.73337986266 0
1623765378115 -545.0028608332093 1
1623765407992 -135.37388514904757 2
1623765436868 -114.95689941465302 3
1623765464637 -124.1339350854344 4
1623765483701 -137.54729942292812 5
1623765503798 -128.41148456888143 6
1623765529108 -194.05411166153831 7
1623765552997 -132.03143589105994 8
1623765574728 -124.09472915692854 9
1623765598196 -172.39570402022673 10
1623765620387 -138.30259812715536 11
1623765642188 -136.12541868562457 12
1623765666020 -120.33287760214685 13
1623765690486 -153.41318557885486 14
1623765716988 -166.70961392496557 15
1623765741779 -143.9629471740255 16
1623765769789 -120.78996131161793 17
1623765798991 -124.5167159674756 18
1623765822747 -101.19407136905417 19
1623765849971 -104.64003338447291 20
1623765877436 -142.33721970970265 21
1623765899899 -121.87986031915894 22
1623765930092 -156.28512687172082 23
1623765956972 -132.419989660895 24
1623765983819 -118.59845328787874 25
1623766015182 -83.07695221378715 26
1623766043389 -64.97216419887796 27
1623766071523 -151.8706737504326 28
1623766102255 -144.8442721901103 29
1623766132416 -106.57531012772294 30
1623766164401 -110.9593870202583 31
1623766193520 -134.16183263918367 32
1623766225825 -120.39430426408185 33
1623766251161 -135.4808477472998 34
1623766278124 -123.21670411120854 35
1623766309566 -123.39864920847018 36
1623766339362 -134.34886540465757 37
1623766370461 -112.99725994002173 38
1623766405234 -96.0567713448457 39
1623766433046 -94.64495954346171 40
1623766465279 -82.47937913681157 41
1623766500871 -71.45869552580875 42
1623766536585 -114.03569083298146 43
1623766567257 -114.49937359876594 44
1623766597757 -82.93233409085806 45
1623766629670 -123.99785871999613 46
1623766673358 -120.54412340363449 47
1623766707669 -66.31514036181427 48
1623766739618 -88.38130764773234 49
1623766772462 -135.96541464131298 50
1623766811034 -133.6151328678524 51
1623766852896 -102.38274120382876 52
1623766885379 -111.87391710339587 53
1623766924559 -102.77297730100602 54
1623766965156 -101.00641873845696 55
1623767001929 -100.34719063478812 56
1623767031864 -114.16672323325943 57
1623767063295 -115.69616881384464 58
1623767091184 -103.17879103784712 59
1623767120539 -68.60715535364639 60
1623767153027 -150.01710371997393 61
1623767197428 -136.56886672956884 62
1623767227772 -53.37262396489196 63
1623767264363 -78.7734744950739 64
1623767295864 -155.00604151461226 65
1623767331537 -120.20753206559323 66
1623767361585 -117.94029385775835 67
1623767401263 -106.86689027887712 68
1623767445187 -80.97512876600811 69
1623767484294 -61.891780883756255 70
1623767521376 -131.18744419211248 71
1623767557001 -70.14782399107094 72
1623767592381 -123.73742389625677 73
1623767623635 -110.66581876782755 74
1623767658837 -82.65161763954733 75
1623767690817 -135.84297909814305 76
1623767744195 -79.59477291268524 77
1623767775638 -177.55320595518015 78
1623767804955 -147.97515576520627 79
1623767839727 -111.37377492558149 80
1623767870897 -75.81419858907073 81
1623767901324 -85.00011072322378 82
1623767940451 -96.75653771934456 83
1623767976556 -56.55432542697783 84
1623768008086 -168.4860892032786 85
1623768050979 -124.16203805972177 86
1623768089789 -62.9622605672782 87
1623768127174 -75.60819519344955 88
1623768155078 -92.74771397627407 89
1623768189128 -111.63374504744556 90
1623768227483 -43.62186973149078 91
1623768254987 -105.82354997458249 92
1623768290041 -56.941233958379726 93
1623768324403 -80.18213077367665 94
1623768363620 -55.65805736161985 95
1623768390664 -116.42148097105496 96
1623768428371 -101.62918173298189 97
1623768462745 -89.72519855720584 98
1623768491177 -76.59076274075248 99
1623768539710 -40.058754416970984 100
1623768582304 -72.13193899892082 101
1623768646939 -37.68109685090322 102
1623768697627 -35.871306960068395 103
1623768748744 -27.097319332556275 104
1623768782479 -100.61426470410524 105
1623768824977 -101.61715005677672 106
1623768899511 -68.37928481899021 107
1623768942194 -89.63040243659391 108
1623768987809 -46.18641469498381 109
1623769037073 -50.65952720174292 110
1623769069815 -84.49870825682203 111
1623769132518 -36.01139261425038 112
1623769172583 -102.3417255800592 113
1623769201597 -128.56926110213507 114
1623769235280 -113.62970389952402 115
1623769282685 -78.61639669198873 116
1623769331266 -54.728236409051895 117
1623769363369 -104.49861772220034 118
1623769392449 -103.65705109701071 119
1623769439726 -136.43947821895466 120
1623769501518 -42.92118646186339 121
1623769555306 -105.45170136118172 122
1623769597423 -90.71286789488609 123
1623769645872 -90.43277308153355 124
1623769698959 -111.7581602156697 125
1623769739873 -136.09004746797214 126
1623769796552 -113.60578056268325 127
1623769832458 -103.40003983469038 128
1623769875364 -93.31579364539303 129
1623769917638 -63.725429020588535 130
1623769948114 -120.49631632685778 131
1623769994505 -134.93822408757308 132
1623770028838 -108.2480911503826 133
1623770076309 -83.1712893948928 134
1623770123227 -54.460441906834944 135
1623770168126 -93.6933193972335 136
1623770213429 -80.2388934367751 137
1623770256260 -82.57674504837001 138
1623770295794 -92.51797917068129 139
1623770332762 -113.01882864758292 140
1623770385016 -60.97516698341012 141
1623770436633 -82.00221818645886 142
1623770471636 -128.01655109074727 143
1623770502404 -87.98937834214671 144
1623770533118 -105.69945080260518 145
1623770563394 -97.31771060498443 146
1623770596193 -109.4488577518712 147
1623770626537 -81.94681856960732 148
1623770656128 -77.26160685705045 149
1623770693221 -100.30645897188813 150
1623770742979 -32.78586941351134 151
1623770777781 -75.67994979660048 152
1623770806066 -103.74793342913276 153
1623770837139 -77.4996514273642 154
1623770865152 -120.26895599471823 155
1623770901574 -62.03033895146392 156
1623770950558 -24.617788498934075 157
1623770988426 -85.28035232262337 158
1623771040164 -131.20540507420748 159
1623771076739 -123.13209572178894 160
1623771112072 -76.013350165827 161
1623771147579 -128.41449833810103 162
1623771181928 -108.7982153463576 163
1623771220133 -76.95326861254827 164
1623771257263 -138.55180132617298 165
1623771290426 -103.21060084564513 166
1623771320824 -114.29320560047827 167
1623771354119 -100.71595318175342 168
1623771383603 -102.3539289607734 169
1623771416020 -76.61431403504494 170
1623771444513 -61.66366673830606 171
1623771484052 -45.224892278177194 172
1623771524565 -40.272404542121215 173
1623771558901 -109.65314828951728 174
1623771589523 -139.82183210520174 175
1623771615444 -104.38860857203785 176
1623771653748 -95.77380510073259 177
1623771684678 -105.00522180575877 178
1623771718112 -91.44630082123432 179
1623771753422 -29.05283086457978 180
1623771794042 -60.67803045606504 181
1623771840445 -94.23846901703372 182
1623771871177 -147.56282969413192 183
1623771909329 -119.17031225910577 184
1623771947370 -91.13742029886137 185
1623771985987 -86.9836364890831 186
1623772022703 -152.77831671855887 187
1623772053643 -99.43311527549834 188
1623772082760 -90.68915447817872 189
1623772117334 -79.099199826061 190
1623772152473 -63.6927242472726 191
1623772187342 -70.27576179578739 192
1623772223276 -66.51019361505207 193
1623772256728 -41.247106383721594 194
1623772295756 -104.0371965331583 195
1623772330042 -103.33946390089878 196
1623772372787 -73.42015309860409 197
1623772404285 -102.68986205292792 198
1623772445233 -96.49575945990284 199
1623772481873 -103.49408543800787 200
1623772514665 -97.94611179828561 201
1623772552321 -69.41239853719608 202
1623772586842 -82.97743788954308 203
1623772621443 -145.7546265352252 204
1623772650213 -99.08769966417205 205
1623772677488 -47.159426153670616 206
1623772707311 -136.4566973572104 207
1623772742236 -60.8931416219565 208
1623772774819 -85.91292391053896 209
1623772819340 -96.2772715741317 210
1623772850706 -83.1428697237906 211
1623772883162 -62.15966819256622 212
1623772912370 -143.53678935939473 213
1623772947475 -126.38336821529518 214
1623772978484 -113.1557808590209 215
1623773018555 -90.31328556937 216
1623773055904 -80.05387747436792 217
1623773097188 -56.92877425687148 218
1623773129300 -106.34433864900716 219
1623773176142 -78.40650239525222 220
1623773223640 -48.15886227618832 221
1623773267876 -102.10121582670124 222
1623773309259 -65.49071233498019 223
1623773360588 -35.90142875788494 224
1623773398252 -111.75804828336263 225
1623773438307 -70.54244487798834 226
1623773481303 -90.70904597532251 227
1623773515167 -99.96105516711293 228
1623773549557 -76.14609897433225 229
1623773602381 -51.609206933182556 230
1623773649681 -59.072834977693745 231
1623773686643 -94.75088171435267 232
1623773722654 -63.36447685148333 233
1623773759349 -44.21659533070736 234
1623773799363 -61.018096517400544 235
1623773833835 -111.379346175957 236
1623773867598 -90.51371589379379 237
1623773912500 -63.34479143101439 238
1623773950836 -65.27772177706166 239
1623773990791 -58.27507159943152 240
1623774025385 -55.70479555023966 241
1623774070589 -96.47519713000317 242
1623774105028 -93.1865851205843 243
1623774173045 -38.853709246351215 244
1623774204058 -113.05045594287085 245
1623774246171 -68.06123721730357 246
1623774278374 -72.96016805126116 247
1623774335731 -63.290368407430016 248
1623774363660 -137.16781662850534 249
1623774393938 -91.23755110257066 250
1623774435127 -88.2195546757977 251
1623774476695 -69.61219813613772 252
1623774512234 -50.88777254751654 253
1623774545490 -83.54517810238032 254
1623774585578 -72.24890152241156 255
1623774618412 -117.22213868628899 256
1623774661653 -47.39483123293216 257
1623774703371 -55.592208944702364 258
1623774734570 -101.02961232130325 259
1623774767435 -110.36609661409977 260
1623774831621 -59.95302752116409 261
1623774873514 -49.24613109018838 262
1623774933206 -29.293687967350117 263
1623774993439 -79.40172240284296 264
1623775029535 -53.628119307507994 265
1623775080435 -74.20791856904319 266
1623775131590 -122.28357689060185 267
1623775176976 -64.01764208487282 268
1623775214545 -105.69003555387224 269
1623775249712 -94.9251140344209 270
1623775292836 -78.01184508764291 271
1623775333361 -47.42042423392539 272
1623775372495 -110.99399718970162 273
1623775410632 -69.94680270347843 274
1623775454490 -61.335436370523006 275
1623775490877 -78.61476184865816 276
1623775537440 -92.02813280770394 277
1623775572306 -39.741329692104124 278
1623775610252 -72.86802702534638 279
1623775648823 -103.34447713437967 280
1623775694723 -52.20893176711638 281
1623775724149 -110.86800121629794 282
1623775755303 -99.47616186460452 283
1623775789718 -97.01353593309445 284
1623775838405 -56.18414291042359 285
1623775876666 -103.48475043251906 286
1623775926193 -79.69851873067437 287
1623775968258 -82.27389981933177 288
1623776006345 -85.9280070105872 289
1623776041938 -66.6795164980439 290
1623776100181 -29.06872680291591 291
1623776141523 -81.19491005097954 292
1623776176932 -76.82223077986285 293
1623776224107 -57.14386912690203 294
1623776269974 -61.793977073044836 295
1623776324436 -13.072966829578196 296
1623776368925 -85.31715590105189 297
1623776420222 -35.16540634425203 298
1623776496166 -87.36147717792412 299
1623776547586 -80.85344369633513 300
1623776585903 -145.66579622598712 301
1623776625293 -60.379651112833336 302
1623776668410 -134.12497463770416 303
1623776710538 -58.86745101585732 304
1623776747082 -125.32463527949187 305
1623776790515 -22.658120271708572 306
1623776837419 -111.764302880533 307
1623776897295 -17.313168796429917 308
1623776944151 -59.731791606278556 309
1623776975979 -140.42220273249103 310
1623777013350 -93.27797583063239 311
1623777045852 -93.73934209464124 312
1623777091948 -59.35045755509503 313
1623777140849 -79.59980328955122 314
1623777177403 -127.62219461181965 315
1623777212208 -128.63414722207213 316
1623777253315 -74.9703350840992 317
1623777298002 -89.6341683628981 318
1623777332356 -65.34139301592005 319
1623777394871 -87.36221458473639 320
1623777429893 -174.3359853140874 321
1623777488505 -124.08542581018128 322
1623777537503 -39.810401828946496 323
1623777583454 -114.92071086239773 324
1623777619836 -80.35697482338023 325
1623777654081 -91.84124952391873 326
1623777681828 -96.78293674065603 327
1623777725483 -108.42570838217361 328
1623777760233 -89.07399997184102 329
1623777800085 -81.99450478459296 330
1623777838850 -117.05197446080145 331
1623777875642 -111.52585351204182 332
1623777918170 -51.696801067725175 333
1623777959200 -36.430833730707924 334
1623778002800 -60.357143207974346 335
1623778034666 -118.97105590509061 336
1623778075362 -75.24441403815862 337
1623778134377 -69.36439150906484 338
1623778181417 -91.22299497093917 339
1623778212292 -118.14035997704048 340
1623778255556 -65.11794449620763 341
1623778297477 -83.48172612513179 342
1623778342390 -63.3059368684301 343
1623778375973 -64.90064176331357 344
1623778423343 -66.32124114260034 345
1623778462172 -67.79382587427924 346
1623778504998 -92.62005188804369 347
1623778538793 -74.25436099036831 348
1623778575745 -66.95616914554185 349
1623778624926 -39.64821735925102 350
1623778650063 -135.60223252091743 351
1623778708497 -93.40093291631032 352
1623778755154 -71.68265627807708 353
1623778792797 -89.44635347995208 354
1623778843308 -43.46153373350782 355
1623778875963 -66.35542392695166 356
1623778928133 -71.14745847388755 357
1623778982537 -52.28671889926228 358
1623779028308 -60.67459848493148 359
1623779072339 -87.81641938850802 360
1623779103128 -77.43314747319496 361
1623779158058 -43.366059887780025 362
1623779215179 -124.22882789944886 363
1623779255276 -89.94147820063915 364
1623779310743 -105.02652915458938 365
1623779358228 -121.56460961212058 366
1623779433387 -60.046180700479894 367
1623779469281 -80.63019987990766 368
1623779526028 -94.48411623336658 369
1623779586923 -36.534582715755946 370
1623779648584 -90.8064554360039 371
1623779706279 -29.845104457648212 372
1623779777982 -51.202389768917726 373
1623779851913 -20.121133340069477 374
1623779920111 -43.5967861397259 375
1623779968946 -100.48038004670165 376
1623780080471 -15.304629062159199 377
1623780143425 -72.14811444882416 378
1623780213531 -49.34210228841976 379
1623780285028 -71.48745576641271 380
1623780351882 -92.3655536972271 381
1623780427612 -103.59208633141475 382
1623780477367 -50.69472873964615 383
1623780506949 -94.61568625271855 384
1623780593495 -54.90022919438983 385
1623780666768 -30.637440453231783 386
1623780726690 -42.73461714959798 387
1623780811882 -101.665165928032 388
1623780861395 -105.88386720759539 389
1623780904921 -96.65717309731572 390
1623780981013 -22.40897551887769 391
1623781054462 -2.5139768704462653 392
1623781105427 -78.76933367303486 393
1623781155841 -73.31217841336229 394
1623781249138 -24.119651917669877 395
1623781330085 -72.17914971750453 396
1623781382143 -93.72583089721043 397
1623781465546 -32.955773879329946 398
1623781515328 -27.899713575271893 399
