1623765293412 -593.4305283805687 0
1623765323584 -292.11486967595255 1
1623765343781 -111.96113983292703 2
1623765369618 -117.63066503147968 3
1623765389539 -130.46186577562784 4
1623765405534 -132.96711208995788 5
1623765422432 -121.14318076897422 6
1623765442481 -159.421329638542 7
1623765464032 -128.03017765666067 8
1623765482562 -117.70468886838324 9
1623765501189 -135.18317683534985 10
1623765518020 -129.3096504622962 11
1623765535043 -125.73365363765639 12
1623765553884 -113.74750006430025 13
1623765572946 -139.13401840538202 14
1623765592995 -159.94091658608798 15
1623765612076 -134.09806463443758 16
1623765630466 -126.7582229108073 17
1623765648745 -128.37077351963137 18
1623765664398 -110.16596908689989 19
1623765682943 -113.03346414185197 20
1623765700522 -94.05460793472218 21
1623765717166 -110.92192214451697 22
1623765738622 -142.70150859411712 23
1623765758934 -116.50284942731152 24
1623765779062 -126.59299537304055 25
1623765797440 -69.27287062081007 26
1623765817999 -82.1097132629006 27
1623765838982 -105.82224247342329 28
1623765861042 -124.6557428592147 29
1623765881415 -97.52009263424011 30
1623765903543 -116.15669639732836 31
1623765924489 -122.2810947657576 32
1623765945693 -96.21982343044088 33
1623765965758 -117.79301812551614 34
1623765988696 -106.91464492306977 35
1623766010832 -128.53820298645726 36
1623766032379 -125.29106579480191 37
1623766054497 -93.8351303619209 38
1623766077912 -85.57412125542751 39
1623766098466 -79.84962462596147 40
1623766122445 -88.55679392953806 41
1623766145602 -69.7389794737334 42
1623766168147 -101.68213786277275 43
1623766189557 -87.39254269224732 44
1623766209451 -73.15079396487427 45
1623766231963 -105.55526961624692 46
1623766258040 -104.63197962178715 47
1623766280155 -64.26296708068125 48
1623766302434 -74.48545991062988 49
1623766329684 -180.12698395513482 50
1623766355312 -121.08860054892979 51
1623766376660 -64.08876670621149 52
1623766397538 -94.10098008138144 53
1623766421033 -69.27217695262452 54
1623766447558 -86.43533898718603 55
1623766474485 -92.36509138718083 56
1623766502861 -103.5622988766209 57
1623766529550 -89.21429398322582 58
1623766554874 -87.15762407683307 59
1623766575698 -53.34658683205713 60
1623766605904 -105.0319646785582 61
1623766633980 -96.18440787112382 62
1623766662776 -47.980909760774345 63
1623766687767 -72.83628275201596 64
1623766712506 -112.94958893696645 65
1623766738436 -77.42431710570676 66
1623766761882 -91.23276015550272 67
1623766790534 -74.08183824936741 68
1623766820920 -61.359914381341895 69
1623766855159 -54.368419236444225 70
1623766885449 -66.0137550345916 71
1623766917895 -28.954409915770242 72
1623766949885 -64.97318674105988 73
1623766979618 -83.47840629288456 74
1623767011990 -64.0794245110248 75
1623767042478 -74.85615451576963 76
1623767083357 -50.094078724644035 77
1623767121622 -103.00447337582222 78
1623767153276 -92.13483639014125 79
1623767194481 -84.44755018502194 80
1623767234358 -49.05388633004661 81
1623767267985 -71.09547970306805 82
1623767308464 -92.65293245588877 83
1623767363164 -30.67221086676701 84
1623767409956 -96.99412215444725 85
1623767483229 -75.50416163825778 86
1623767570475 -55.55426201084651 87
1623767653632 -33.735535797736084 88
1623767731308 -28.76925907045864 89
1623767791244 -76.89215083408378 90
1623767908402 6.276652320435853 91
1623768017802 -22.806554247100962 92
1623768121410 -33.83122223030177 93
1623768228501 -11.570651708728668 94
1623768354443 -27.95660100862324 95
1623768464539 12.376888826976947 96
1623768618101 17.84180835516751 97
1623768727219 -13.330937179404755 98
1623768864060 12.627171007799642 99
1623769019214 6.477496247095461 100
1623769129848 -37.97883360940046 101
1623769263713 -25.27123049975824 102
1623769363837 -36.92776992695983 103
1623769494471 -61.349147302130234 104
1623769624393 -23.48592488098801 105
1623769783145 18.529284448686862 106
1623769957843 -17.55610862414043 107
1623770129465 14.856888165263559 108
1623770341214 38.340727899332414 109
1623770504858 51.789920168583734 110
1623770667620 2.219048527766595 111
1623770838374 -11.078196160280237 112
1623771007172 52.757991444095126 113
1623771227884 14.05749518101296 114
1623771466144 -27.282326686880396 115
1623771663259 -15.943113345832067 116
1623771868008 66.28138931010669 117
1623771982286 10.728879130637202 118
1623772123323 22.359011912002337 119
1623772269303 8.744549109617136 120
1623772440017 44.78426908514425 121
1623772591766 40.940991434643045 122
1623772775760 80.99997716560416 123
1623772980437 39.79165169252999 124
1623773133963 7.447118081223891 125
1623773308166 35.7989556455489 126
1623773491479 34.31053629990228 127
1623773623156 43.26188783067668 128
1623773785307 30.87791333565191 129
1623773940702 54.69158650698292 130
1623774101477 40.848459736494625 131
1623774224706 39.31612858672328 132
1623774406040 66.47096761325925 133
1623774571037 58.77426050567188 134
1623774731340 63.29940046516431 135
1623774904420 75.85205507709003 136
1623775101558 59.761038155006425 137
1623775325324 87.35795799305036 138
1623775535241 78.8982460082002 139
1623775687855 54.52278962721775 140
1623775889293 56.856086027321425 141
1623776071541 32.207550942210226 142
1623776232665 58.87117982894577 143
1623776375585 35.24709097111518 144
1623776532216 1.2483848506184052 145
1623776699030 55.979837509408554 146
1623776859248 56.40193110310468 147
1623777011125 64.11969247652081 148
1623777199952 75.41353174992012 149
1623777356209 73.67107649676113 150
1623777543898 79.93920179324795 151
1623777742538 101.89548991001469 152
1623777923565 82.2534543303459 153
1623778111392 78.26626973881709 154
1623778254900 27.097659843481075 155
1623778420424 81.13224149598655 156
1623778575929 35.35943758547716 157
1623778740050 28.874206767363972 158
1623778899863 53.79751853905534 159
1623779059340 68.4852279344911 160
1623779241225 69.9477524841513 161
1623779370878 49.957484408056224 162
1623779551120 59.283721954535935 163
1623779735239 78.91987102106792 164
1623779901041 76.42666019883835 165
1623780058905 73.52756934298624 166
1623780218264 11.576609761704113 167
1623780357038 59.29334237268892 168
1623780491546 33.028477719873806 169
1623780651217 65.39647445153402 170
1623780782999 43.66511419325077 171
1623780958363 55.50234721658193 172
1623781129488 37.71678968169438 173
1623781294881 79.56861091265267 174
1623781440328 80.94301158169667 175
1623781613450 121.6646095450514 176
1623781782840 82.2444420571781 177
1623781945010 82.49655604640388 178
1623782101562 59.886441826368646 179
1623782301671 106.50776132181137 180
1623782497379 96.85563527925743 181
1623782618910 47.128071014020264 182
1623782759553 68.28076165190862 183
1623782898436 78.25930909852532 184
1623783060961 87.36806178372076 185
1623783201275 37.570828131409236 186
1623783332913 11.541802966221862 187
1623783464794 47.50709797433879 188
1623783604548 91.65436065466312 189
1623783761833 65.36014424433326 190
1623783963742 99.24050826900708 191
1623784097754 78.47563297213733 192
1623784267746 49.93031309902895 193
1623784449159 73.94219356732519 194
1623784618480 97.43097211050787 195
1623784762270 52.97119107713533 196
1623784926758 60.500369721639565 197
1623785107422 87.46268053510022 198
1623785299929 107.09479371837084 199
1623785454213 25.64917698971397 200
1623785635130 55.33469549662232 201
1623785789235 90.55571082696228 202
1623785974538 70.7861969548627 203
1623786135300 77.83087837418367 204
1623786295169 72.15699681663443 205
1623786463955 85.29321136158458 206
1623786605946 92.01530946161166 207
1623786792351 91.51531075003973 208
1623786977225 109.1119620582492 209
1623787138830 83.62179978279966 210
1623787298617 37.529342634470616 211
1623787477666 61.59574847337996 212
1623787585775 46.128256635041126 213
1623787726414 23.457792628439375 214
1623787895167 94.02906683579972 215
1623788072346 80.39055788230694 216
1623788233843 68.50848844135572 217
1623788409444 84.3721205933045 218
1623788551653 32.46157504176696 219
1623788707343 78.61628280127408 220
1623788887992 114.17299106961326 221
1623789081883 121.92498284889834 222
1623789266257 84.16582321944809 223
1623789446980 45.03955093928681 224
1623789592980 50.54832773849649 225
1623789757416 75.1914362588378 226
1623789934573 22.14770430189148 227
1623790097627 53.04256108406159 228
1623790288886 103.1352960798559 229
1623790461806 90.12330972282408 230
1623790622763 78.25259809768 231
1623790775114 68.93967084602635 232
1623790946015 68.69467411311717 233
1623791101872 62.55896674424766 234
1623791284709 113.71886591164977 235
1623791406605 58.29381116766273 236
1623791597229 76.67622638918914 237
1623791758980 78.70510851102752 238
1623791904682 52.029505195464516 239
1623792041438 79.46319032779418 240
1623792223938 68.06579009170528 241
1623792368400 55.28459224659987 242
1623792508877 27.548152715463115 243
1623792671638 77.27701580736567 244
1623792840975 81.03458418401277 245
1623793000230 101.50282891802323 246
1623793126142 50.853416285211935 247
1623793292492 73.39818619607324 248
1623793448484 80.33450951869364 249
1623793619267 101.81988868964532 250
1623793744335 36.64931794427239 251
1623793873818 8.55492926100953 252
1623793999172 40.123059614674105 253
1623794112373 34.082326231971905 254
1623794267318 52.84052648061018 255
1623794422977 53.372917638301324 256
1623794626881 63.25217719733016 257
1623794803692 117.60427107106632 258
1623794969280 72.37516935215291 259
1623795117785 38.96337068590011 260
1623795286193 67.69816254529357 261
1623795430103 19.019724448125253 262
1623795573744 10.712793727562506 263
1623795691998 -8.610434077270261 264
1623795846158 57.70038969240213 265
1623795999380 65.15041879708563 266
1623796134133 35.956126589548596 267
1623796334052 95.22400033095471 268
1623796527321 26.68321902420717 269
1623796655026 55.92654892335181 270
1623796825572 43.360437296553826 271
1623796983480 76.19206532477027 272
1623797125007 65.16211227487067 273
1623797284338 50.67351607620744 274
1623797453621 71.79582144419915 275
1623797636504 62.190466895841325 276
1623797799573 61.03035054658373 277
1623797970144 63.45301874254275 278
1623798170276 85.31761485496101 279
1623798348369 20.369183309734964 280
1623798517565 26.013122840468263 281
1623798674204 62.79905159569141 282
1623798799178 23.33861779253516 283
1623798955390 49.73517097594152 284
1623799151546 57.45139537245237 285
1623799335324 65.95793767222236 286
1623799508205 24.627956656962205 287
1623799678818 92.1837839764332 288
1623799869246 99.2481723943042 289
1623800053035 57.549677068827286 290
1623800236493 87.63513592160662 291
1623800411236 77.05240260752161 292
1623800563346 64.8486503116502 293
1623800737751 50.631016581217885 294
