1623765293431 -139.1633719043803 0
1623765323606 -86.5684067966791 1
1623765343801 -76.09554853774291 2
1623765369639 -76.09554853774291 3
1623765389565 -101.49611347312698 4
1623765405556 -114.34660118966546 5
1623765422451 -45.567905004931205 6
1623765442502 -45.567905004931205 7
1623765464052 -77.62265293192635 8
1623765482582 -103.9837883259681 9
1623765501212 -86.10619971772078 10
1623765518040 -86.10619971772078 11
1623765535069 -93.1158855626159 12
1623765553905 -81.75878666263031 13
1623765572965 -84.4755191681492 14
1623765593016 -93.66866419036015 15
1623765612097 -93.66866419036015 16
1623765630493 -97.34570145879482 17
1623765648765 -97.72453621225664 18
1623765664420 -79.71844975604229 19
1623765682963 -54.1746767779069 20
1623765700547 -54.1746767779069 21
1623765717186 -57.34978641469134 22
1623765738643 -88.96732447919224 23
1623765758955 -77.46542865040847 24
1623765779090 -26.810316052102895 25
1623765797460 -8.529138735140629 26
1623765818042 -8.529138735140629 27
1623765839004 -45.146470469326076 28
1623765861064 -65.13435368358367 29
1623765881438 -63.12236083311433 30
1623765903567 -36.79321988667922 31
1623765924510 -42.77304801506199 32
1623765945713 -61.92282195203717 33
1623765965776 -62.89131092074632 34
1623765988717 -30.972951661383707 35
1623766010851 -55.544072824509044 36
1623766032401 -55.544072824509044 37
1623766054517 -51.55326910776802 38
1623766077935 -45.420747361958 39
1623766098493 -37.28349323606082 40
1623766122465 -37.28349323606082 41
1623766145630 13.504166761206566 42
1623766168166 10.897640286779449 43
1623766189576 -43.6177076258537 44
1623766209473 -42.26732877610914 45
1623766231998 -42.26732877610914 46
1623766258066 -38.13213029602912 47
1623766280174 -10.518256869489743 48
1623766302454 -21.237362138868857 49
1623766329706 -38.42918231575671 50
1623766355334 -53.76274119226166 51
1623766376688 -26.801826313865387 52
1623766397560 10.153147187068125 53
1623766421057 10.153147187068125 54
1623766447579 -44.41790905227505 55
1623766474519 -38.016165602146785 56
1623766502888 -7.519283661367117 57
1623766529576 -7.519283661367117 58
1623766554895 -20.879104598537904 59
1623766575722 -2.484251440961164 60
1623766605926 17.862186156918607 61
1623766634009 17.862186156918607 62
1623766662821 98.3576524169242 63
1623766687786 33.303432505913484 64
1623766712527 -33.81284483896674 65
1623766738460 -25.426071704629358 66
1623766761902 14.18729469503755 67
1623766790556 4.29568487590267 68
1623766820941 3.411434780401808 69
1623766855179 50.66531708358061 70
1623766885473 3.0150724880953845 71
1623766917916 48.33366164672808 72
1623766949919 48.33366164672808 73
1623766979639 17.156527408085662 74
1623767012024 43.24554119229892 75
1623767042501 14.079016051646041 76
1623767083381 32.799835346250504 77
1623767121645 32.799835346250504 78
1623767153296 -4.2196385488053405 79
1623767194501 55.174012977641624 80
1623767234380 100.02121279112282 81
1623767268009 51.84848834731289 82
1623767308485 22.53717025045369 83
1623767363186 65.61551303384496 84
1623767409979 88.41077086637077 85
1623767483250 88.41077086637077 86
1623767570497 101.1076613168883 87
1623767653655 101.1076613168883 88
1623767731331 106.77584314567264 89
1623767791272 106.77584314567264 90
1623767908423 137.40239084351765 91
1623768017839 137.40239084351765 92
1623768121432 128.9301564598281 93
1623768228522 128.9301564598281 94
1623768354467 138.17409412802573 95
1623768464561 150.16253357061368 96
1623768618121 150.16253357061368 97
1623768727241 160.8736497775394 98
1623768864088 211.29851144299937 99
1623769019235 130.23955871757045 100
1623769129875 147.17325346859968 101
1623769263741 147.85079540253628 102
1623769363857 182.32710832588745 103
1623769494493 182.32710832588745 104
1623769624421 183.59008457001477 105
1623769783173 136.20006504742395 106
1623769957877 185.8004980227697 107
1623770129490 182.82395163580122 108
1623770341237 169.0206957425982 109
1623770504881 166.5641140925618 110
1623770667643 185.04479508565828 111
1623770838397 185.04479508565828 112
1623771007199 194.05074850897827 113
1623771227911 194.05074850897827 114
1623771466171 192.2904965919759 115
1623771663285 173.8470449340197 116
1623771868030 192.8162110580249 117
1623771982307 192.8162110580249 118
1623772123346 240.1913698509949 119
1623772269323 208.36107862089563 120
1623772440040 208.36107862089563 121
1623772591786 232.11941802478742 122
1623772775780 232.11941802478742 123
1623772980458 232.14736339368656 124
1623773133983 232.14736339368656 125
1623773308186 209.8282701344674 126
1623773491499 188.04279635975314 127
1623773623177 193.85440322250105 128
1623773785329 210.03147043720924 129
1623773940723 218.75617000800904 130
1623774101500 218.75617000800904 131
1623774224728 231.74682687656872 132
1623774406062 211.60596989151298 133
1623774571058 230.2527046320801 134
1623774731362 246.19845066268786 135
1623774904440 216.3173920703353 136
1623775101579 240.96989183504434 137
1623775325344 199.79250098178784 138
1623775535261 201.5477775427718 139
1623775687877 237.0374036840508 140
1623775889314 237.0374036840508 141
1623776071562 202.19287393286064 142
1623776232686 202.19287393286064 143
1623776375605 191.2226476736044 144
1623776532237 186.69023936111495 145
1623776699052 195.6762426784465 146
1623776859269 205.88907307887922 147
1623777011147 202.00600033661436 148
1623777199972 200.26615416212465 149
1623777356231 246.5049087093475 150
1623777543919 246.5049087093475 151
1623777742559 230.0564317760988 152
1623777923586 218.30371816974292 153
1623778111413 230.81424568750882 154
1623778254921 205.1662835423696 155
1623778420445 236.2518176573291 156
1623778575950 230.23853330893562 157
1623778740071 227.56755497379646 158
1623778899885 212.55270136143523 159
1623779059365 218.62589250958413 160
1623779241246 240.67229307450162 161
1623779370899 240.67229307450162 162
1623779551142 208.2723753588155 163
1623779735260 232.8563125872018 164
1623779901062 232.8563125872018 165
1623780058925 208.28964875224437 166
1623780218285 218.48236420417916 167
1623780357059 237.02077385979655 168
1623780491567 212.4472784815993 169
1623780651238 214.72460840231687 170
1623780783021 214.21965709491275 171
1623780958385 211.54317248006336 172
1623781129511 217.9232350176423 173
1623781294902 221.34387838431493 174
1623781440351 222.25574918471756 175
1623781613471 237.59612194891878 176
1623781782860 237.03689761181334 177
1623781945031 214.26074896501603 178
1623782101585 246.15026599149604 179
1623782301692 225.11930861144165 180
1623782497400 247.6433296031661 181
1623782618931 231.24324848226246 182
1623782759574 192.742668178281 183
1623782898458 198.78394783010597 184
1623783060983 213.06122062400564 185
1623783201296 213.06122062400564 186
1623783332935 179.84228342715164 187
1623783464815 204.88928144432163 188
1623783604570 236.58764391231566 189
1623783761854 236.58764391231566 190
1623783963763 213.8380710272001 191
1623784097777 254.16597515914663 192
1623784267782 211.2479681219648 193
1623784449179 201.17629656656598 194
1623784618501 254.56906991656743 195
1623784762290 254.56906991656743 196
1623784926778 242.00771119440168 197
1623785107444 236.74309902682867 198
1623785299950 221.0365638157979 199
1623785454234 230.97542987946957 200
1623785635151 221.5507315671272 201
1623785789259 266.5040287533975 202
1623785974559 266.5040287533975 203
1623786135322 229.03586448821233 204
1623786295191 211.00620821727858 205
1623786463975 229.10045044528528 206
1623786605967 224.27601758143956 207
1623786792373 203.62321758666803 208
1623786977250 241.07469718093444 209
1623787138852 239.12317078410243 210
1623787298640 205.29446635474469 211
1623787477688 202.42069479199543 212
1623787585798 218.37087779079474 213
1623787726437 254.49904537981092 214
1623787895188 239.30785658388572 215
1623788072367 212.11311757297827 216
1623788233866 212.11311757297827 217
1623788409466 209.6830142024417 218
1623788551679 209.6830142024417 219
1623788707363 221.26477764847306 220
1623788888014 219.296630778077 221
1623789081905 232.56966770611953 222
1623789266283 224.00772931103364 223
1623789447001 185.87562838355262 224
1623789593001 224.40737397724916 225
1623789757438 224.40737397724916 226
1623789934594 212.80740236280954 227
1623790097651 209.61075871364127 228
1623790288907 217.7485094889179 229
1623790461828 219.75614513016853 230
1623790622785 219.75614513016853 231
1623790775136 211.38554049504802 232
1623790946037 208.0418489588913 233
1623791101894 204.89432353808382 234
1623791284732 227.18337683780692 235
1623791406630 218.57673060294684 236
1623791597252 218.57673060294684 237
1623791759000 234.74959623616186 238
1623791904703 229.59576848857864 239
1623792041459 222.22068363951917 240
1623792223958 215.4976702409238 241
1623792368423 219.68282824563462 242
1623792508899 219.68282824563462 243
1623792671659 234.00098304068115 244
1623792840997 234.44759349701923 245
1623793000251 212.14773397840767 246
1623793126163 239.06002491001055 247
1623793292515 252.28845171125667 248
1623793448505 221.1077884495856 249
1623793619289 220.29877023970835 250
1623793744359 237.79415298167842 251
1623793873839 237.79415298167842 252
1623793999194 227.91699942690835 253
1623794112394 240.56886626048737 254
1623794267360 240.56886626048737 255
1623794422999 227.07614088953287 256
1623794626903 208.44648296075053 257
1623794803713 227.14918222070725 258
1623794969301 229.46351337085463 259
1623795117809 229.46351337085463 260
1623795286216 230.5412412579298 261
1623795430130 230.5412412579298 262
1623795573767 217.7885428325497 263
1623795692022 228.75143102966246 264
1623795846180 232.27402550312627 265
1623795999402 232.27402550312627 266
1623796134155 219.245989442462 267
1623796334074 244.9870841443866 268
1623796527344 244.9870841443866 269
1623796655048 243.9728168360527 270
1623796825594 243.9728168360527 271
1623796983505 258.3290530861865 272
1623797125030 237.97647097100133 273
1623797284361 237.97647097100133 274
1623797453642 233.15768545185801 275
1623797636530 211.82633071597238 276
1623797799595 233.0754880712349 277
1623797970167 221.21559569881143 278
1623798170299 221.21559569881143 279
1623798348393 195.23932970769107 280
1623798517589 184.31588042530183 281
1623798674226 188.88972083151424 282
1623798799203 233.98137290774076 283
1623798955412 233.00349303648986 284
1623799151568 212.4006727885545 285
1623799335346 223.37364146959717 286
1623799508226 223.37364146959717 287
1623799678840 232.83889851345597 288
1623799869267 232.83889851345597 289
1623800053056 193.13228261183698 290
1623800236514 222.26653789043854 291
1623800411258 202.1492832776898 292
1623800563369 243.51219937201472 293
1623800737774 255.02868695435717 294
