1623765293392 -1158.325138245941 0
1623765323564 -575.9390935505295 1
1623765343759 -281.83474328336695 2
1623765369596 -228.81110831263967 3
1623765389519 -677.7899948129707 4
1623765405513 -137.54729942292812 5
1623765422404 -128.41148456888143 6
1623765442453 -194.05411166153831 7
1623765464012 -204.79470559808266 8
1623765482541 -122.8350047238766 9
1623765501167 -172.97503135324615 10
1623765517999 -148.34438887134985 11
1623765535020 -136.12541868562457 12
1623765553865 -165.2749084838593 13
1623765572920 -153.41318557885486 14
1623765592974 -316.01710620637647 15
1623765612053 -143.88476896242608 16
1623765630444 -137.59094010265807 17
1623765648716 -137.81194871906018 18
1623765664377 -122.51902269135613 19
1623765682915 -168.14724008590872 20
1623765700501 -144.91228228046526 21
1623765717145 -130.92314712162442 22
1623765738598 -190.46417131814673 23
1623765758912 -145.35220541369537 24
1623765779041 -191.55619885117926 25
1623765797419 -110.09014271767678 26
1623765817955 -326.8925892734691 27
1623765838962 -155.37186279856817 28
1623765861022 -185.92531863896897 29
1623765881395 -131.85144363255415 30
1623765903519 -251.46901160452495 31
1623765924467 -248.33469983599008 32
1623765945671 -130.55950447795257 33
1623765965726 -189.6514453979492 34
1623765988672 -237.82925147109307 35
1623766010812 -555.6303121905087 36
1623766032355 -177.75192869636058 37
1623766054477 -124.56373207304868 38
1623766077890 -156.1666176754618 39
1623766098444 -126.11266683672552 40
1623766122425 -200.02318877855214 41
1623766145580 -127.0111093015583 42
1623766168119 -504.95463276533076 43
1623766189530 -149.06763401221522 44
1623766209430 -105.34882805306638 45
1623766231935 -304.1262745771152 46
1623766258020 -204.91698726000618 47
1623766280134 -121.67973883376877 48
1623766302411 -129.84296200221945 49
1623766329657 -641.2124740449295 50
1623766355292 -169.22838582706572 51
1623766376639 -106.51398883100948 52
1623766397516 -139.84308358866906 53
1623766421010 -135.2539918096565 54
1623766447529 -125.77694386809355 55
1623766474450 -162.9536612442575 56
1623766502827 -268.61207551989276 57
1623766529519 -155.06047362623684 58
1623766554852 -147.39979581148089 59
1623766575666 -108.30572568017006 60
1623766605884 -170.62530718955145 61
1623766633954 -165.80208766026195 62
1623766662733 -118.40148947480444 63
1623766687745 -151.04056912128604 64
1623766712486 -178.8730859841919 65
1623766738408 -125.18766296241324 66
1623766761860 -138.79356179930724 67
1623766790510 -167.73521198412863 68
1623766820898 -122.82296992336342 69
1623766855129 -131.12422071944425 70
1623766885427 -127.85082119668456 71
1623766917873 -81.39211688031374 72
1623766949847 -149.49571359150576 73
1623766979591 -262.03877277050384 74
1623767011967 -133.89934585332352 75
1623767042457 -180.79019180963115 76
1623767083329 -114.9581435946581 77
1623767121598 -216.57756840742792 78
1623767153248 -150.78450997816927 79
1623767194452 -216.60643898348903 80
1623767234333 -117.74317854568726 81
1623767267959 -246.80074727715592 82
1623767308440 -372.3668340929636 83
1623767363142 -114.80159185721936 84
1623767409932 -263.13645619429707 85
1623767483201 -221.72048749472415 86
1623767570450 -395.9951094060531 87
1623767653611 -148.5968771749862 88
1623767731285 -144.20755744598537 89
1623767791222 -427.48455185018946 90
1623767908374 -254.8952556477033 91
1623768017771 -176.5737913716875 92
1623768121382 -193.7436032367999 93
1623768228481 -133.4056028752333 94
1623768354422 -327.0699328645636 95
1623768464514 -146.18656324370997 96
1623768618078 -113.8916835546905 97
1623768727194 -222.3625540070894 98
1623768864035 -331.8693587365784 99
1623769019194 -449.4762699900442 100
1623769129828 -307.12775056418235 101
1623769263691 -233.86088803538496 102
1623769363813 -269.18777625121794 103
1623769494451 -401.9112052546677 104
1623769624371 -584.4243003938751 105
1623769783112 -158.605267354839 106
1623769957808 -531.2497782905238 107
1623770129437 -208.9979760630582 108
1623770341184 -128.6631044630157 109
1623770504833 -175.07606642243422 110
1623770667590 -272.56742482378115 111
1623770838354 -401.48849183277815 112
1623771007147 -123.54022202358212 113
1623771227858 -524.6244567349862 114
1623771466118 -503.12253251759955 115
1623771663237 -345.80943190946766 116
1623771867987 -70.1818761465115 117
1623771982261 -231.72538174733918 118
1623772123301 -126.19364750133657 119
1623772269281 -355.88701831264177 120
1623772439989 -278.34879339525094 121
1623772591746 -309.7537892958569 122
1623772775737 -76.06322905900866 123
1623772980415 -199.33749844485595 124
1623773133942 -436.744350948381 125
1623773308137 -96.52390348091525 126
1623773491447 -132.15846114497504 127
1623773623132 -125.70684438362889 128
1623773785285 -276.1087092229344 129
1623773940680 -241.76464080858287 130
1623774101457 -245.42442643253418 131
1623774224681 -210.07315365151118 132
1623774406018 -144.65753132105687 133
1623774571015 -146.86506652929273 134
1623774731320 -95.25250033495456 135
1623774904399 -63.95668206971082 136
1623775101538 -133.91483161076457 137
1623775325304 -78.07737804680623 138
1623775535220 -126.5250584673469 139
1623775687834 -177.544988217528 140
1623775889272 -202.65437685767768 141
1623776071520 -152.79802925978998 142
1623776232645 -131.414907587031 143
1623776375563 -241.13574968123493 144
1623776532195 -180.72340494597336 145
1623776699008 -134.56446428914384 146
1623776859228 -189.43902961585752 147
1623777011105 -87.89495934232147 148
1623777199930 -54.17505504958624 149
1623777356188 -91.21515113458513 150
1623777543873 -71.20967236725573 151
1623777742517 -80.80084985703199 152
1623777923543 -254.39551970407214 153
1623778111371 -109.65422757655483 154
1623778254879 -192.8617124226495 155
1623778420403 -120.86016539688629 156
1623778575908 -285.70873146672665 157
1623778740028 -255.45934037251254 158
1623778899842 -151.57782600283377 159
1623779059320 -195.0501702390589 160
1623779241203 -166.82120827809902 161
1623779370856 -167.81575289792576 162
1623779551096 -135.509910368962 163
1623779735218 -140.92218807722415 164
1623779901020 -183.62824365166574 165
1623780058884 -132.2942285950632 166
1623780218242 -210.4919542847455 167
1623780357004 -161.1571049482934 168
1623780491517 -135.06683805203784 169
1623780651197 -130.23140066415607 170
1623780782978 -183.65433288076912 171
1623780958341 -153.01774437462555 172
1623781129464 -345.90013582546885 173
1623781294860 -84.3661630116444 174
1623781440307 -113.7760989487468 175
1623781613428 -57.64327091545165 176
1623781782819 -65.92556855192542 177
1623781944988 -47.30065885242008 178
1623782101541 -126.70437672687243 179
1623782301650 -59.97419029786552 180
1623782497356 -147.75899463016765 181
1623782618887 -426.60931853180944 182
1623782759532 -150.75361464869738 183
1623782898415 -84.43552626056676 184
1623783060939 -157.08788823127173 185
1623783201252 -103.49385324527441 186
1623783332891 -153.3310428949836 187
1623783464773 -118.390942881111 188
1623783604527 -58.52960715680494 189
1623783761811 -154.5894554540342 190
1623783963720 -102.58194804937871 191
1623784097733 -183.25247854665704 192
1623784267719 -374.4534529207601 193
1623784449138 -111.63036174825382 194
1623784618454 -161.76197501823287 195
1623784762249 -437.4846369867015 196
1623784926736 -256.1945024912103 197
1623785107401 -242.80691569965285 198
1623785299907 -87.77533146888541 199
1623785454192 -430.25654558626354 200
1623785635109 -315.49429699214056 201
1623785789214 -104.9924923903285 202
1623785974517 -186.19525810754965 203
1623786135278 -107.39063156775796 204
1623786295147 -75.6565759221763 205
1623786463933 -213.87594826504588 206
1623786605924 -42.814154528735585 207
1623786792331 -41.38547894256153 208
1623786977201 -82.33379293654738 209
1623787138809 -113.19664040637363 210
1623787298595 -149.748097168466 211
1623787477645 -141.08113564050922 212
1623787585754 -89.08982831809138 213
1623787726392 -329.76178915447696 214
1623787895145 -80.00090630145661 215
1623788072322 -150.63880104660115 216
1623788233821 -75.05408191332268 217
1623788409423 -41.21983385379266 218
1623788551629 -275.27529159155165 219
1623788707320 -146.37425508105508 220
1623788887971 -128.40926316293775 221
1623789081862 -51.210929061902604 222
1623789266236 -156.14976592945035 223
1623789446958 -167.78322646372823 224
1623789592958 -115.81540130596917 225
1623789757394 -103.27037962493799 226
1623789934552 -565.981105163821 227
1623790097604 -167.87840438855977 228
1623790288862 -55.01053969544897 229
1623790461783 -143.3374459561449 230
1623790622742 -125.96712648523246 231
1623790775091 -272.4117733734996 232
1623790945992 -124.31630244386774 233
1623791101850 -129.449840009859 234
1623791284686 -58.73296854365141 235
1623791406583 -130.64502847806526 236
1623791597205 -77.71952548227254 237
1623791758959 -242.59235905440477 238
1623791904650 -157.05648975384958 239
1623792041415 -102.15975972004199 240
1623792223915 -104.69536056438369 241
1623792368378 -138.99279653309722 242
1623792508855 -185.78188320908265 243
1623792671614 -69.4881873086571 244
1623792840953 -86.87045593300574 245
1623793000209 -75.66326091888615 246
1623793126121 -211.57711843221122 247
1623793292469 -226.95037474979955 248
1623793448463 -94.65860567667241 249
1623793619245 -107.98749588413239 250
1623793744310 -153.16164037156904 251
1623793873794 -214.26112995361214 252
1623793999148 -152.81535875669312 253
1623794112351 -234.60615326837382 254
1623794267280 -110.21198474353181 255
1623794422954 -156.5366254998708 256
1623794626858 -346.00547799826086 257
1623794803660 -45.06255272671751 258
1623794969258 -118.16078814995403 259
1623795117747 -335.52906099609044 260
1623795286170 -143.69567377112878 261
1623795430079 -334.3525903349654 262
1623795573720 -244.47226537275884 263
1623795691972 -556.6200226644639 264
1623795846135 -65.69984080071272 265
1623795999357 -215.2484782834559 266
1623796134111 -169.1164461949654 267
1623796334029 -166.49293270614731 268
1623796527289 -530.0205262201757 269
1623796655002 -146.49384428365846 270
1623796825546 -376.5047841526157 271
1623796983458 -241.51005731273472 272
1623797124984 -193.5988647468424 273
1623797284313 -168.08779922776665 274
1623797453598 -193.41305312963135 275
1623797636482 -218.6215871105932 276
1623797799543 -162.50085855809465 277
1623797970108 -112.16679475112667 278
1623798170254 -175.12600383277305 279
1623798348344 -239.16479402906103 280
1623798517514 -131.6090741476011 281
1623798674178 -221.1102975407156 282
1623798799156 -253.47646557790736 283
1623798955367 -350.9173479321918 284
1623799151521 -191.9859096429878 285
1623799335302 -278.3995024486259 286
1623799508183 -406.20756032040833 287
1623799678791 -125.57647249846222 288
1623799869211 -154.19070271964728 289
1623800053012 -243.25705006013285 290
1623800236470 -109.9090371168551 291
1623800411214 -65.3282994121579 292
1623800563205 -209.33729938741527 293
1623800737595 -133.51207047084714 294
