1623840926932 -640.9209110817034 0
1623840966106 -432.7067586682672 1
1623840994731 -241.486621032192 2
1623841012475 -154.86251313374098 3
1623841030227 -130.2491105464107 4
1623841046257 -116.77893465383998 5
1623841063078 -142.36675980451207 6
1623841077557 -126.16448868699581 7
1623841093219 -106.91321615156865 8
1623841110307 -88.62954271167393 9
1623841125821 -119.0870176771454 10
1623841143072 -120.70496437475045 11
1623841157293 -128.00335086727387 12
1623841172799 -125.82260627066157 13
1623841189208 -107.24843953851816 14
1623841205447 -120.31954745659934 15
1623841223092 -140.47580295645875 16
1623841238722 -139.84111912079746 17
1623841254162 -140.45223118316596 18
1623841269751 -97.30483670110502 19
1623841287888 -156.23580528388402 20
1623841302377 -133.8206449854132 21
1623841316882 -128.20783390704506 22
1623841330947 -123.19745873135753 23
1623841346845 -143.91688060037217 24
1623841362799 -126.27117784623428 25
1623841380417 -139.0982349693461 26
1623841396667 -102.40225598930901 27
1623841412894 -133.59534917823134 28
1623841427656 -139.493104153129 29
1623841443846 -138.09956834676643 30
1623841459158 -121.6199751494028 31
1623841475948 -81.29786353587768 32
1623841491933 -152.01387258399296 33
1623841506776 -120.03280750090427 34
1623841523691 -129.23360142318793 35
1623841538549 -131.53742616394936 36
1623841552255 -126.64690417243717 37
1623841571383 -106.4001592028182 38
1623841587212 -87.09451116746985 39
1623841602162 -112.25309145184502 40
1623841618945 -91.72667983744375 41
1623841635377 -127.64312589699722 42
1623841651016 -148.76912950369362 43
1623841666773 -115.11509910722866 44
1623841682704 -152.83625622375524 45
1623841698996 -146.0251487099558 46
1623841714761 -139.6970714317535 47
1623841728889 -126.60169966547845 48
1623841745013 -127.0274188409105 49
1623841761698 -133.7331865713655 50
1623841778006 -151.9802750990471 51
1623841794416 -143.2519084865657 52
1623841809791 -129.23159557246674 53
1623841826827 -147.994834709809 54
1623841841186 -146.62415766888614 55
1623841856827 -150.31268648955506 56
1623841873713 -127.6004190585245 57
1623841889345 -129.3576172091656 58
1623841904407 -126.4681410157265 59
1623841922123 -172.11254778368146 60
1623841939558 -107.61733237568772 61
1623841955130 -111.93258907175597 62
1623841970366 -126.37561009341432 63
1623841987787 -118.93960842917853 64
1623842003469 -106.57065600985936 65
1623842020008 -141.81700181194267 66
1623842038639 -172.33486818748005 67
1623842055343 -140.41540889881657 68
1623842071666 -126.35036624276289 69
1623842086920 -117.67452010660476 70
1623842101541 -140.57974186909942 71
1623842115998 -111.80571356366092 72
1623842131507 -124.51333092599344 73
1623842147236 -132.86317619299336 74
1623842163847 -105.19025180411519 75
1623842180103 -148.589417903909 76
1623842195760 -135.43680888097646 77
1623842211116 -146.01482167357406 78
1623842227258 -155.69042687890834 79
1623842243133 -129.81708422463507 80
1623842259372 -129.9836510812418 81
1623842274750 -119.72215414292197 82
1623842289586 -138.00487221820308 83
1623842305705 -138.0331033936363 84
1623842320667 -130.65544208245413 85
1623842337688 -152.4564515213966 86
1623842353275 -123.44637030567736 87
1623842369007 -135.9674490959123 88
1623842384315 -126.60329136162058 89
1623842401787 -161.9119066384709 90
1623842416985 -131.09169173378305 91
1623842432745 -145.87940516635996 92
1623842449957 -129.13127249279384 93
1623842467110 -191.73183787300263 94
1623842483671 -60.179206190939084 95
1623842499968 -147.79188549638116 96
1623842513646 -122.81210641554343 97
1623842531510 -131.45475299131084 98
1623842549212 -150.7029304001062 99
1623842565175 -109.52507670251401 100
1623842579380 -129.97941462251592 101
1623842594828 -137.0250077790971 102
1623842612673 -110.5539200955427 103
1623842629322 -119.97164179335057 104
1623842644327 -121.8805390954511 105
1623842660939 -137.16006549680742 106
1623842677457 -114.57703081328513 107
1623842693103 -129.01631309047082 108
1623842707235 -150.72564695930342 109
1623842722309 -107.77945875880519 110
1623842737935 -139.43507269225017 111
1623842755245 -137.05910529711957 112
1623842770985 -113.3318555460324 113
1623842787014 -142.37596198546203 114
1623842801433 -137.93918244150885 115
1623842816750 -151.79983697772153 116
1623842831595 -135.96977927446963 117
1623842847306 -137.16896072582193 118
1623842862882 -117.69414579838971 119
1623842879780 -124.23172519996383 120
1623842897177 -155.02715107758615 121
1623842914028 -134.31667122304864 122
1623842928277 -138.63246912506511 123
1623842945264 -141.54907527757433 124
1623842962312 -130.42679638259867 125
1623842977650 -132.6525221320364 126
1623842992647 -142.51900448127827 127
1623843008708 -137.59411719401044 128
1623843023512 -102.31258946123495 129
1623843039157 -128.44551907108877 130
1623843054343 -127.61436976019282 131
1623843070327 -86.69825071102903 132
1623843086120 -100.00492291594654 133
1623843101542 -127.10160526873759 134
1623843118644 -100.90059203744404 135
1623843136181 -105.25539189492054 136
1623843152914 -132.1010234587316 137
1623843170224 -148.36217194517005 138
1623843185648 -127.71813842748466 139
1623843202262 -110.76199985287036 140
1623843218064 -99.84867175620334 141
1623843235310 -108.73862033202829 142
1623843250529 -127.7354235425157 143
1623843265972 -135.22674927711506 144
1623843283252 -152.18103302061746 145
1623843298847 -126.05823989963991 146
1623843313086 -120.7535547002608 147
1623843328472 -128.12935712797596 148
1623843344396 -147.65813922093622 149
1623843358968 -132.4917261312652 150
1623843374049 -121.97673371522662 151
1623843390226 -131.44175470383684 152
1623843405364 -145.14352161556585 153
1623843419242 -116.50999327021583 154
1623843434504 -131.8448407635721 155
1623843448317 -129.76922204124278 156
1623843465981 -103.98672208149746 157
1623843481667 -124.52983707665616 158
1623843497969 -129.2949304705276 159
1623843514165 -124.5717992707438 160
1623843530391 -135.16260724105433 161
1623843546881 -112.22943775469507 162
1623843561632 -124.58549371210542 163
1623843579930 -140.58429566922305 164
1623843597100 -170.1304086854754 165
1623843613540 -153.04062241846088 166
1623843627196 -116.42983462184215 167
1623843641823 -110.13623750312712 168
1623843659070 -144.4923492484808 169
1623843676817 -115.72428859940179 170
1623843692090 -129.6029347157419 171
1623843708799 -125.37393286328063 172
1623843725660 -156.9130596771881 173
1623843742952 -140.3788150506408 174
1623843760447 -147.6860779540782 175
1623843778514 -129.67991122296783 176
1623843793585 -138.88752080771465 177
1623843809377 -118.06216279404542 178
1623843824660 -126.05461812152093 179
1623843840203 -142.52907302344013 180
1623843855697 -139.57253144137252 181
1623843870141 -142.56171338988653 182
1623843885969 -132.71150155667738 183
1623843903346 -102.2327615969207 184
1623843919080 -117.07412223959865 185
1623843935477 -130.35467178165848 186
1623843950351 -119.23401435715476 187
1623843965302 -129.23576318475688 188
1623843981277 -110.93952753946294 189
1623843996435 -129.01241663639655 190
1623844011226 -133.33484372725198 191
1623844027626 -138.1696910462842 192
1623844044073 -153.64401961233682 193
1623844058510 -137.49058909471515 194
1623844073169 -137.8885595119433 195
1623844089881 -155.1930063239102 196
1623844107735 -125.63202667539247 197
1623844124554 -134.86936155175079 198
1623844139438 -119.25778159430605 199
1623844155332 -127.45184123723895 200
1623844170230 -132.34348514295982 201
1623844183905 -134.81943503331112 202
1623844201093 -135.49748931939612 203
1623844215844 -132.8937195125836 204
1623844232920 -108.74850834882326 205
1623844247969 -132.564793657269 206
1623844263745 -134.01794368239152 207
1623844278743 -123.42157321387154 208
1623844295246 -122.81421245871557 209
1623844309372 -129.53563311297876 210
1623844327545 -126.44127794027929 211
1623844341970 -123.6802774400039 212
1623844357241 -130.912104847686 213
1623844372816 -118.26632250033255 214
1623844388839 -121.71345514681961 215
1623844404162 -137.93191161322488 216
1623844420843 -134.92832899219448 217
1623844436236 -134.895566488513 218
1623844451796 -146.4288398595976 219
1623844469715 -133.96687472361683 220
1623844486169 -113.8841211526657 221
1623844501949 -132.53174611164403 222
1623844516751 -150.9519408756957 223
1623844534086 -92.13503237835825 224
1623844549888 -110.9916840438168 225
1623844566866 -124.07327434394055 226
1623844582616 -137.7163583646193 227
1623844598717 -146.06043393212974 228
1623844615733 -137.6966097054715 229
1623844631990 -89.09177166978569 230
1623844646679 -140.5688277159813 231
1623844663587 -108.58498096182666 232
1623844679646 -132.39428844757754 233
1623844694433 -97.24349529151976 234
1623844710704 -132.0855226142028 235
1623844725529 -142.13296122111805 236
1623844745086 -144.88293661054865 237
1623844764059 -126.54120110744964 238
1623844779846 -142.64399903292505 239
1623844794791 -137.44898655250293 240
1623844811447 -145.31718563210424 241
1623844828460 -151.0140805893321 242
1623844844868 -133.9373506823691 243
1623844861058 -129.16644832745814 244
1623844875499 -133.54089268036378 245
1623844893703 -144.28150790102598 246
1623844910341 -138.0391376585471 247
1623844927365 -149.1933433786484 248
1623844944995 -124.4638886238348 249
1623844960312 -133.5410183508228 250
1623844976949 -138.59298706076797 251
1623844992655 -140.27658382647968 252
1623845008932 -136.44805781500142 253
1623845023405 -125.71534465531782 254
1623845039260 -139.1157706260822 255
1623845056877 -151.79197657711012 256
1623845072671 -136.7857651382614 257
1623845088681 -164.93171074840123 258
1623845104016 -129.97386966679358 259
1623845118948 -109.18441577608117 260
1623845134732 -134.02121268458583 261
1623845151046 -131.26082233828447 262
1623845167571 -140.90283347334764 263
1623845185275 -146.84991216685793 264
1623845202130 -121.6118737605861 265
1623845217812 -132.19196004172687 266
1623845231873 -135.93911186003822 267
1623845247828 -128.9716275243645 268
1623845265030 -106.95663020473677 269
1623845282971 -131.61663614292732 270
1623845299810 -127.33267871399643 271
1623845314497 -128.13962872855242 272
1623845331438 -132.07586203974807 273
1623845349346 -161.95917324329656 274
1623845363663 -127.12711416196497 275
1623845380210 -135.71066877801883 276
1623845396844 -146.6584602590001 277
1623845412760 -127.90199273220198 278
1623845429194 -126.55630318753312 279
1623845444627 -132.9774258011947 280
1623845460142 -105.76678976696655 281
1623845476919 -140.29667604827694 282
1623845492635 -142.8565374179829 283
1623845506753 -120.21660455717212 284
1623845524267 -145.03223331707014 285
1623845538721 -116.64687274284799 286
1623845554019 -149.51305159766284 287
1623845569475 -117.12732881532489 288
1623845586860 -141.02988505208356 289
1623845603048 -142.4281053285644 290
1623845619098 -131.8957228732617 291
1623845633099 -133.16600391808944 292
1623845647097 -116.88614684354447 293
1623845662160 -131.66888492867665 294
1623845678358 -135.10447898565687 295
1623845694078 -129.42048746322814 296
1623845709865 -142.44147175747483 297
1623845724190 -130.96268643217266 298
1623845739871 -99.14799795598339 299
1623845755565 -126.81223107575995 300
1623845771114 -134.95121723696764 301
1623845786425 -134.38659108578574 302
1623845803575 -134.82719342839846 303
1623845819856 -112.25000342522135 304
1623845836020 -129.61402688494363 305
1623845851447 -104.64841544662339 306
1623845865343 -115.96180674159257 307
1623845881773 -117.21084218666705 308
1623845897592 -135.20345708189603 309
1623845913820 -111.37215460797896 310
1623845930126 -119.74850697812897 311
1623845944967 -131.78867519445646 312
1623845960660 -107.0135973019873 313
1623845974691 -89.82316467750306 314
1623845989974 -134.80239722994457 315
1623846005508 -143.18539790544307 316
1623846022346 -142.38610500535466 317
1623846037404 -100.50806034909633 318
1623846052622 -132.86192033114006 319
1623846069797 -126.02371330897887 320
1623846087202 -151.73430382465185 321
1623846102036 -121.05322870703623 322
1623846116612 -133.90011101373307 323
1623846132530 -128.13985011969092 324
1623846149837 -159.07718603261665 325
1623846164943 -133.63721278070807 326
1623846180842 -152.35569037790196 327
1623846196945 -165.99488245096146 328
1623846213885 -129.18363966014883 329
1623846228310 -108.4512017765266 330
1623846244523 -148.32961082477348 331
1623846260567 -117.76195533076913 332
1623846275979 -132.492719609102 333
1623846291665 -143.67532735064643 334
1623846308204 -129.6096368958747 335
1623846324907 -135.1476625291804 336
1623846340823 -142.71005938832099 337
1623846356855 -146.58651501816948 338
1623846372188 -111.2871490661293 339
1623846388801 -124.92353562364492 340
1623846404086 -129.02370170195766 341
1623846418412 -106.44733809977517 342
1623846434624 -118.55128185180149 343
1623846450949 -139.76649357844627 344
1623846465756 -134.51330129954349 345
1623846481240 -139.0598959204353 346
1623846498407 -136.34110744545612 347
1623846513601 -131.78372750280676 348
1623846529660 -138.54984787873684 349
1623846544919 -143.7875039961011 350
1623846560480 -143.35385332162284 351
1623846575848 -134.95033440050236 352
1623846591041 -141.98129002637936 353
1623846611256 -132.52227775689246 354
1623846626342 -137.7452033900598 355
1623846641477 -142.80814740569704 356
1623846657486 -112.6707219968734 357
1623846675467 -108.74724959561901 358
1623846690741 -129.3344516627775 359
1623846706910 -174.24770386731348 360
1623846723089 -130.15951363239398 361
1623846740298 -118.38236332432157 362
1623846757506 -129.79813175674178 363
1623846774248 -136.67369444071772 364
1623846790089 -128.26455258250053 365
1623846806420 -139.84011857182188 366
1623846822002 -106.91951987828477 367
1623846837886 -135.29078521177755 368
1623846854242 -141.63864585922977 369
1623846870361 -145.88749537094847 370
1623846884430 -108.65117034676949 371
1623846898582 -116.49460128206411 372
1623846913900 -132.441235304228 373
1623846927262 -131.50896784669382 374
1623846942186 -135.5741819130613 375
1623846958748 -126.53084092514244 376
1623846974902 -130.85768333443949 377
1623846992626 -137.26362132224537 378
1623847007625 -140.72503191152228 379
1623847025455 -120.48591161710524 380
1623847040651 -120.7163563506235 381
1623847056294 -136.45849035051162 382
1623847073044 -131.62831764339478 383
1623847089910 -140.27455813590083 384
1623847106587 -142.57457922058904 385
1623847123541 -124.04294818716893 386
1623847139435 -139.9761007678736 387
1623847155466 -130.0132663681105 388
1623847172425 -145.83049237021575 389
1623847189714 -133.6293423131651 390
1623847207242 -132.32741098205898 391
1623847224028 -112.8612199204151 392
1623847241342 -140.2315284973474 393
1623847256851 -146.14085211215567 394
1623847273427 -120.40697755081797 395
1623847289081 -151.26032013964004 396
1623847304717 -131.54695063329203 397
1623847319917 -132.2888799513174 398
1623847334369 -131.0339936209215 399
