1623840926952 -128.55995554039671 0
1623840966124 -89.13971066489084 1
1623840994755 -89.13971066489084 2
1623841012494 -114.03332592351305 3
1623841030247 -122.65899421015686 4
1623841046277 -113.64873766677829 5
1623841063097 -114.06660610238728 6
1623841077576 -126.1644886869957 7
1623841093239 -106.91321615156862 8
1623841110326 -88.62954271167396 9
1623841125841 -88.62954271167396 10
1623841143097 -120.7049643747503 11
1623841157313 -120.7049643747503 12
1623841172818 -125.82260627066134 13
1623841189230 -107.24843953851823 14
1623841205467 -107.24843953851823 15
1623841223111 -123.58732443611976 16
1623841238741 -139.84111912079726 17
1623841254184 -139.84111912079726 18
1623841269770 -97.30483670110489 19
1623841287908 -97.30483670110489 20
1623841302396 -133.82064498541303 21
1623841316902 -128.2078339070453 22
1623841330966 -123.19745873135744 23
1623841346866 -123.19745873135744 24
1623841362818 -126.27117784623405 25
1623841380436 -126.27117784623405 26
1623841396687 -102.40225598930878 27
1623841412914 -102.40225598930878 28
1623841427676 -139.49310415312885 29
1623841443866 -138.09956834676672 30
1623841459178 -121.61997514940295 31
1623841475968 -81.29786353587762 32
1623841491953 -81.29786353587762 33
1623841506795 -120.03280750090433 34
1623841523710 -120.03280750090433 35
1623841538569 -131.53379990375902 36
1623841552276 -126.646904172437 37
1623841571403 -106.40015920281837 38
1623841587233 -87.09451116746966 39
1623841602182 -87.09451116746966 40
1623841618966 -91.72667983744358 41
1623841635397 -91.72667983744358 42
1623841651035 -136.62223741188546 43
1623841666794 -115.1150991072287 44
1623841682723 -115.1150991072287 45
1623841699016 -146.02514870995577 46
1623841714780 -139.69707143175324 47
1623841728910 -126.6016996654785 48
1623841745032 -126.6016996654785 49
1623841761719 -127.13384863476827 50
1623841778025 -135.38302105551458 51
1623841794436 -143.25190848656584 52
1623841809811 -129.23159557246697 53
1623841826846 -129.23159557246697 54
1623841841206 -146.62415766888594 55
1623841856848 -146.62415766888594 56
1623841873734 -127.6004190585245 57
1623841889366 -127.6004190585245 58
1623841904429 -126.46814101572679 59
1623841922142 -126.46814101572679 60
1623841939578 -107.6173323756876 61
1623841955150 -107.6173323756876 62
1623841970386 -113.01140324577288 63
1623841987808 -118.93960842917868 64
1623842003489 -106.5706560098594 65
1623842020031 -106.5706560098594 66
1623842038659 -150.62858826246378 67
1623842055362 -140.4154088988167 68
1623842071686 -126.35036624276282 69
1623842086940 -117.67452010660486 70
1623842101562 -117.67452010660486 71
1623842116018 -111.80571356366097 72
1623842131527 -111.80571356366097 73
1623842147256 -127.69023526657665 74
1623842163867 -105.19025180411529 75
1623842180126 -105.19025180411529 76
1623842195780 -135.43680888097623 77
1623842211137 -135.43680888097623 78
1623842227279 -148.6593248717233 79
1623842243154 -129.81708422463524 80
1623842259392 -129.81708422463524 81
1623842274772 -119.72215414292172 82
1623842289606 -119.72215414292172 83
1623842305725 -138.0331033936363 84
1623842320688 -130.65544208245427 85
1623842337708 -130.65544208245427 86
1623842353296 -123.44637030567765 87
1623842369028 -123.44637030567765 88
1623842384337 -126.60329136162083 89
1623842401807 -126.60329136162083 90
1623842417006 -131.09169173378285 91
1623842432766 -131.09169173378285 92
1623842449978 -129.1312724927938 93
1623842467131 -129.1312724927938 94
1623842483692 -60.179206190939 95
1623842499989 -60.179206190939 96
1623842513667 -122.8121064155433 97
1623842531533 -122.8121064155433 98
1623842549233 -133.61541463525236 99
1623842565196 -109.52484284438499 100
1623842579400 -109.52484284438499 101
1623842594849 -135.09305756704902 102
1623842612693 -110.55392009554268 103
1623842629342 -110.55392009554268 104
1623842644348 -121.8805390954509 105
1623842660959 -121.8805390954509 106
1623842677478 -114.57703081328528 107
1623842693123 -114.57703081328528 108
1623842707255 -132.6261336597674 109
1623842722330 -107.77945875880536 110
1623842737956 -107.77945875880536 111
1623842755267 -137.05910529711986 112
1623842771006 -113.33185554603247 113
1623842787034 -113.33185554603247 114
1623842801454 -137.939182441509 115
1623842816771 -137.939182441509 116
1623842831616 -135.96977927446954 117
1623842847327 -135.96977927446954 118
1623842862903 -117.69414579838958 119
1623842879801 -117.69414579838958 120
1623842897198 -125.86612005035704 121
1623842914049 -134.31667122304867 122
1623842928298 -134.31667122304867 123
1623842945285 -139.71141860056946 124
1623842962333 -130.42679638259847 125
1623842977671 -130.42679638259847 126
1623842992668 -133.2089535693962 127
1623843008729 -137.59411719401058 128
1623843023533 -102.3125894612351 129
1623843039177 -102.3125894612351 130
1623843054364 -127.61436976019267 131
1623843070348 -86.69825071102912 132
1623843086143 -86.69825071102912 133
1623843101562 -103.33159096717596 134
1623843118665 -100.90059203744424 135
1623843136202 -100.90059203744424 136
1623843152936 -106.34409185928943 137
1623843170245 -138.54025635859202 138
1623843185669 -127.71813842748493 139
1623843202284 -110.76199985287037 140
1623843218086 -99.84867175620333 141
1623843235331 -99.84867175620333 142
1623843250551 -110.96110747598452 143
1623843265994 -131.9290025591483 144
1623843283274 -136.0511859566067 145
1623843298868 -126.0582398996401 146
1623843313106 -120.75355470026086 147
1623843328494 -120.75355470026086 148
1623843344418 -129.9733077349051 149
1623843358990 -132.49172613126507 150
1623843374071 -121.97673371522663 151
1623843390247 -121.97673371522663 152
1623843405385 -133.8080099509893 153
1623843419263 -116.50999327021557 154
1623843434526 -116.50999327021557 155
1623843448340 -129.76922204124295 156
1623843466003 -103.98672208149719 157
1623843481687 -103.98672208149719 158
1623843497991 -129.29493047052773 159
1623843514187 -124.57179927074401 160
1623843530412 -124.57179927074401 161
1623843546903 -112.22943775469517 162
1623843561653 -112.22943775469517 163
1623843579953 -127.67450770145793 164
1623843597122 -143.81174266116454 165
1623843613562 -153.04062241846114 166
1623843627218 -116.42983462184228 167
1623843641844 -110.13623750312715 168
1623843659091 -110.13623750312715 169
1623843676838 -115.72428859940165 170
1623843692111 -115.72428859940165 171
1623843708820 -125.37393286328083 172
1623843725681 -125.37393286328083 173
1623843742975 -140.3788150506411 174
1623843760468 -140.3788150506411 175
1623843778535 -129.67991122296797 176
1623843793607 -129.67991122296797 177
1623843809398 -118.06216279404532 178
1623843824682 -118.06216279404532 179
1623843840225 -128.05273195338958 180
1623843855719 -139.5725314413727 181
1623843870165 -139.5725314413727 182
1623843885991 -132.71150155667723 183
1623843903368 -102.23276159692077 184
1623843919101 -102.23276159692077 185
1623843935498 -120.78446240026793 186
1623843950373 -119.23401435715505 187
1623843965324 -119.23401435715505 188
1623843981299 -110.93952753946272 189
1623843996456 -110.93952753946272 190
1623844011247 -133.33484372725184 191
1623844027648 -133.33484372725184 192
1623844044096 -139.3784028760426 193
1623844058533 -137.49058909471486 194
1623844073191 -137.49058909471486 195
1623844089903 -137.98805211625051 196
1623844107758 -125.63202667539267 197
1623844124577 -125.63202667539267 198
1623844139460 -119.2577815943062 199
1623844155355 -119.2577815943062 200
1623844170252 -129.50035614797252 201
1623844183928 -133.0542673917069 202
1623844201116 -135.2607269437122 203
1623844215865 -132.89371951258354 204
1623844232942 -108.74850834882334 205
1623844247992 -108.74850834882334 206
1623844263767 -134.01794368239175 207
1623844278764 -123.42157321387181 208
1623844295268 -122.81421245871539 209
1623844309394 -122.81421245871539 210
1623844327567 -126.44127794027945 211
1623844341993 -123.6802774400038 212
1623844357264 -123.6802774400038 213
1623844372839 -118.26632250033258 214
1623844388862 -118.26632250033258 215
1623844404185 -122.57523830844123 216
1623844420864 -134.9283289921941 217
1623844436257 -134.89556648851317 218
1623844451819 -134.89556648851317 219
1623844469737 -133.96687472361657 220
1623844486192 -113.88412115266578 221
1623844501971 -113.88412115266578 222
1623844516774 -137.19365235138824 223
1623844534109 -92.1350323783582 224
1623844549911 -92.1350323783582 225
1623844566888 -115.70584696018113 226
1623844582638 -126.16513118988027 227
1623844598739 -140.6041651583043 228
1623844615755 -137.69660970547142 229
1623844632012 -89.09177166978547 230
1623844646702 -89.09177166978547 231
1623844663611 -108.58498096182666 232
1623844679668 -108.58498096182666 233
1623844694455 -97.24349529151975 234
1623844710726 -97.24349529151975 235
1623844725551 -140.79602944487377 236
1623844745109 -142.46719416517865 237
1623844764081 -126.5412011074498 238
1623844779870 -126.5412011074498 239
1623844794814 -137.44898655250293 240
1623844811471 -137.44898655250293 241
1623844828483 -147.2842354020044 242
1623844844891 -133.93735068236936 243
1623844861080 -125.28492956832388 244
1623844875521 -125.28492956832388 245
1623844893726 -134.67371102878369 246
1623844910363 -138.03913765854725 247
1623844927389 -138.03913765854725 248
1623844945018 -124.4638886238346 249
1623844960335 -124.4638886238346 250
1623844976974 -135.81030078256975 251
1623844992677 -139.2886586303174 252
1623845008954 -136.4480578150014 253
1623845023427 -125.71534465531761 254
1623845039282 -125.71534465531761 255
1623845056901 -142.4658771187736 256
1623845072693 -136.78576513826118 257
1623845088704 -136.78576513826118 258
1623845104039 -129.9738696667934 259
1623845118971 -109.18441577608118 260
1623845134754 -109.18441577608118 261
1623845151068 -131.26082233828427 262
1623845167594 -131.26082233828427 263
1623845185310 -143.31333625711386 264
1623845202154 -121.611873760586 265
1623845217836 -121.611873760586 266
1623845231896 -134.83698161201195 267
1623845247851 -128.97162752436446 268
1623845265054 -106.95663020473656 269
1623845282994 -106.95663020473656 270
1623845299833 -127.33267871399676 271
1623845314520 -127.33267871399676 272
1623845331460 -128.34136623219155 273
1623845349370 -133.00948599163746 274
1623845363687 -127.12711416196484 275
1623845380234 -127.12711416196484 276
1623845396867 -137.856557432032 277
1623845412784 -127.90199273220192 278
1623845429218 -126.55630318753306 279
1623845444650 -126.55630318753306 280
1623845460166 -105.76678976696653 281
1623845476942 -105.76678976696653 282
1623845492658 -142.85653741798262 283
1623845506777 -120.21660455717219 284
1623845524291 -120.21660455717219 285
1623845538744 -116.64687274284825 286
1623845554042 -116.64687274284825 287
1623845569498 -117.12732881532506 288
1623845586882 -117.12732881532506 289
1623845603070 -142.4281053285641 290
1623845619122 -131.895722873262 291
1623845633127 -131.895722873262 292
1623845647120 -116.88614684354461 293
1623845662184 -116.88614684354461 294
1623845678383 -135.10447898565673 295
1623845694102 -129.4204874632279 296
1623845709889 -129.4204874632279 297
1623845724214 -130.9626864321728 298
1623845739896 -99.14799795598353 299
1623845755589 -99.14799795598353 300
1623845771137 -133.7282893557044 301
1623845786449 -134.3865910857857 302
1623845803599 -134.3865910857857 303
1623845819879 -112.25000342522151 304
1623845836044 -112.25000342522151 305
1623845851471 -104.64841544662329 306
1623845865366 -104.64841544662329 307
1623845881797 -117.21084218666718 308
1623845897616 -117.21084218666718 309
1623845913843 -111.37215460797873 310
1623845930149 -111.37215460797873 311
1623845944991 -121.84259507066672 312
1623845960683 -107.01359730198733 313
1623845974714 -89.823164677503 314
1623845989996 -89.823164677503 315
1623846005532 -143.1853979054429 316
1623846022370 -142.38610500535455 317
1623846037428 -100.5080603490963 318
1623846052646 -100.5080603490963 319
1623846069821 -126.02371330897859 320
1623846087226 -126.02371330897859 321
1623846102060 -121.05322870703594 322
1623846116635 -121.05322870703594 323
1623846132555 -128.13985011969112 324
1623846149862 -128.13985011969112 325
1623846164966 -133.63721278070807 326
1623846180866 -133.63721278070807 327
1623846196969 -157.03530977720067 328
1623846213909 -129.1836396601489 329
1623846228335 -108.4512017765268 330
1623846244547 -108.4512017765268 331
1623846260592 -117.76195533076921 332
1623846276002 -117.76195533076921 333
1623846291689 -136.17541067868538 334
1623846308228 -129.60963689587456 335
1623846324933 -129.60963689587456 336
1623846340846 -136.53216893750667 337
1623846356879 -144.25453200102433 338
1623846372214 -111.2871490661295 339
1623846388825 -111.2871490661295 340
1623846404110 -128.33263226302415 341
1623846418437 -106.4473380997752 342
1623846434648 -106.4473380997752 343
1623846450974 -121.57726778980808 344
1623846465779 -134.51330129954383 345
1623846481263 -134.51330129954383 346
1623846498431 -136.34110744545612 347
1623846513625 -131.78372750280658 348
1623846529685 -131.78372750280658 349
1623846544944 -140.24137797271948 350
1623846560503 -143.35385332162258 351
1623846575873 -134.9503344005022 352
1623846591065 -134.9503344005022 353
1623846611279 -132.52227775689258 354
1623846626367 -132.52227775689258 355
1623846641502 -139.0509347983518 356
1623846657510 -112.67072199687337 357
1623846675501 -108.74724959561907 358
1623846690765 -108.74724959561907 359
1623846706934 -134.4812521795674 360
1623846723115 -130.15951363239387 361
1623846740322 -118.3823633243217 362
1623846757530 -118.3823633243217 363
1623846774272 -132.6520738648466 364
1623846790114 -128.2645525825004 365
1623846806445 -128.2645525825004 366
1623846822028 -106.91951987828472 367
1623846837910 -106.91951987828472 368
1623846854266 -141.6386458592301 369
1623846870385 -141.6386458592301 370
1623846884454 -108.65117034676942 371
1623846898607 -108.65117034676942 372
1623846913924 -118.45545901588798 373
1623846927286 -131.50896784669368 374
1623846942211 -131.50896784669368 375
1623846958773 -126.53084092514227 376
1623846974925 -126.53084092514227 377
1623846992652 -131.939393936764 378
1623847007650 -138.59467816861545 379
1623847025480 -120.48591161710547 380
1623847040676 -120.48591161710547 381
1623847056318 -120.77396753400278 382
1623847073068 -131.62831764339455 383
1623847089937 -131.62831764339455 384
1623847106612 -142.43611825902772 385
1623847123565 -124.0429481871691 386
1623847139460 -124.0429481871691 387
1623847155491 -130.01326636811024 388
1623847172449 -130.01326636811024 389
1623847189738 -133.62934231316524 390
1623847207265 -132.3274109820587 391
1623847224052 -112.86121992041528 392
1623847241368 -112.86121992041528 393
1623847256875 -146.14085211215559 394
1623847273453 -120.4069775508182 395
1623847289105 -120.4069775508182 396
1623847304741 -131.54695063329223 397
1623847319942 -131.54695063329223 398
1623847334393 -131.0339936209213 399
