1623840926913 -1158.325138245941 0
1623840966087 -640.9969459975579 1
1623840994707 -576.239757756794 2
1623841012456 -163.52088299824104 3
1623841030207 -130.32577838819134 4
1623841046235 -130.32577838819134 5
1623841063056 -148.84884877389 6
1623841077537 -126.1644886869957 7
1623841093199 -106.91321615156862 8
1623841110287 -88.62954271167396 9
1623841125800 -126.70138641851308 10
1623841143052 -120.7049643747503 11
1623841157273 -129.82794749040482 12
1623841172779 -125.82260627066134 13
1623841189187 -107.24843953851823 14
1623841205428 -123.58732443611976 15
1623841223071 -144.69792258654388 16
1623841238702 -139.84111912079726 17
1623841254140 -140.60500919875827 18
1623841269729 -97.30483670110489 19
1623841287868 -170.96854742957913 20
1623841302356 -133.82064498541303 21
1623841316862 -128.2078339070453 22
1623841330928 -123.19745873135744 23
1623841346826 -149.09673606762547 24
1623841362780 -126.27117784623405 25
1623841380396 -142.30499925012427 26
1623841396647 -102.40225598930878 27
1623841412874 -141.39362247546222 28
1623841427635 -139.49310415312885 29
1623841443827 -138.09956834676672 30
1623841459137 -121.61997514940295 31
1623841475927 -81.29786353587762 32
1623841491912 -169.6928748460222 33
1623841506755 -120.03280750090433 34
1623841523670 -131.53379990375902 35
1623841538529 -131.5383327289973 36
1623841552235 -126.646904172437 37
1623841571362 -106.40015920281837 38
1623841587187 -87.09451116746966 39
1623841602139 -118.5427365229391 40
1623841618923 -91.72667983744358 41
1623841635355 -136.62223741188546 42
1623841650996 -151.80585252664514 43
1623841666751 -115.1150991072287 44
1623841682683 -162.26654550288663 45
1623841698976 -146.02514870995577 46
1623841714742 -139.69707143175324 47
1623841728868 -126.6016996654785 48
1623841744993 -127.13384863476827 49
1623841761676 -135.38302105551458 50
1623841777985 -156.12958860992995 51
1623841794395 -143.25190848656584 52
1623841809770 -129.23159557246697 53
1623841826807 -152.68564449414492 54
1623841841165 -146.62415766888594 55
1623841856804 -151.2348186947228 56
1623841873691 -127.6004190585245 57
1623841889323 -129.79691674682607 58
1623841904387 -126.46814101572679 59
1623841922103 -183.52364947567014 60
1623841939537 -107.6173323756876 61
1623841955109 -113.01140324577288 62
1623841970346 -129.71666180532438 63
1623841987768 -118.93960842917868 64
1623842003448 -106.5706560098594 65
1623842019987 -150.62858826246378 66
1623842038619 -177.76143816873378 67
1623842055321 -140.4154088988167 68
1623842071646 -126.35036624276282 69
1623842086900 -117.67452010660486 70
1623842101519 -146.30604730972325 71
1623842115976 -111.80571356366097 72
1623842131487 -127.69023526657665 73
1623842147216 -134.15641142459774 74
1623842163827 -105.19025180411529 75
1623842180082 -159.43920942885717 76
1623842195739 -135.43680888097623 77
1623842211095 -148.6593248717233 78
1623842227237 -157.44820238070426 79
1623842243112 -129.81708422463524 80
1623842259350 -130.02529279539357 81
1623842274728 -119.72215414292172 82
1623842289565 -142.5755517370232 83
1623842305684 -138.0331033936363 84
1623842320646 -130.65544208245427 85
1623842337667 -157.9067038811326 86
1623842353254 -123.44637030567765 87
1623842368986 -139.0977187934707 88
1623842384294 -126.60329136162083 89
1623842401766 -170.73906045768365 90
1623842416965 -131.09169173378285 91
1623842432724 -149.5763335245038 92
1623842449937 -129.1312724927938 93
1623842467088 -207.38197921805516 94
1623842483650 -60.179206190939 95
1623842499948 -169.69505532274192 96
1623842513624 -122.8121064155433 97
1623842531487 -133.61541463525236 98
1623842549190 -154.97480934131949 99
1623842565153 -109.54822865730311 100
1623842579357 -135.09305756704902 101
1623842594807 -137.50799533210892 102
1623842612652 -110.55392009554268 103
1623842629300 -122.32607221780275 104
1623842644306 -121.8805390954509 105
1623842660918 -140.97994709714644 106
1623842677435 -114.57703081328528 107
1623842693080 -132.6261336597674 108
1623842707214 -155.2505252841873 109
1623842722288 -107.77945875880536 110
1623842737914 -147.34897617561109 111
1623842755223 -137.05910529711986 112
1623842770964 -113.33185554603247 113
1623842786992 -149.63698859531962 114
1623842801412 -137.939182441509 115
1623842816729 -155.2650006117748 116
1623842831575 -135.96977927446954 117
1623842847285 -137.4687560886604 118
1623842862860 -117.69414579838958 119
1623842879759 -125.86612005035704 120
1623842897156 -162.31740883439392 121
1623842914006 -134.31667122304867 122
1623842928255 -139.71141860056946 123
1623842945243 -142.00848944682593 124
1623842962291 -130.42679638259847 125
1623842977627 -133.2089535693962 126
1623842992625 -144.84651720924853 127
1623843008687 -137.59411719401058 128
1623843023491 -102.3125894612351 129
1623843039134 -134.9787514735521 130
1623843054320 -127.61436976019267 131
1623843070305 -86.69825071102912 132
1623843086099 -103.33159096717596 133
1623843101520 -133.04410884412815 134
1623843118622 -100.90059203744424 135
1623843136159 -106.34409185928943 136
1623843152890 -138.54025635859202 137
1623843170202 -150.81765084181427 138
1623843185625 -127.71813842748493 139
1623843202240 -110.76199985287037 140
1623843218040 -99.84867175620333 141
1623843235288 -110.96110747598452 142
1623843250507 -131.9290025591483 143
1623843265950 -136.0511859566067 144
1623843283230 -156.21349478662043 145
1623843298824 -126.0582398996401 146
1623843313066 -120.75355470026086 147
1623843328451 -129.9733077349051 148
1623843344373 -152.07934709244415 149
1623843358947 -132.49172613126507 150
1623843374028 -121.97673371522663 151
1623843390204 -133.8080099509893 152
1623843405341 -147.97739953170975 153
1623843419219 -116.50999327021557 154
1623843434482 -135.67855263691104 155
1623843448296 -129.76922204124295 156
1623843465958 -103.98672208149719 157
1623843481646 -129.66561582544574 158
1623843497946 -129.29493047052773 159
1623843514143 -124.57179927074401 160
1623843530367 -137.81030923363213 161
1623843546857 -112.22943775469517 162
1623843561610 -127.67450770145793 163
1623843579907 -143.81174266116454 164
1623843597079 -176.71007519155273 165
1623843613518 -153.04062241846114 166
1623843627175 -116.42983462184228 167
1623843641802 -110.13623750312715 168
1623843659047 -153.08137718481933 169
1623843676794 -115.72428859940165 170
1623843692068 -133.07259624482717 171
1623843708778 -125.37393286328083 172
1623843725638 -164.7978413806647 173
1623843742930 -140.3788150506411 174
1623843760425 -149.51289367993786 175
1623843778490 -129.67991122296797 176
1623843793562 -141.1894232039017 177
1623843809355 -118.06216279404532 178
1623843824638 -128.05273195338958 179
1623843840181 -146.1481582909529 180
1623843855674 -139.5725314413727 181
1623843870120 -143.3090088770151 182
1623843885946 -132.71150155667723 183
1623843903323 -102.23276159692077 184
1623843919057 -120.78446240026793 185
1623843935456 -132.7472241270059 186
1623843950329 -119.23401435715505 187
1623843965279 -131.73620039165752 188
1623843981254 -110.93952753946272 189
1623843996412 -133.53063891063022 190
1623844011203 -133.33484372725184 191
1623844027604 -139.3784028760426 192
1623844044049 -157.21042379641045 193
1623844058488 -137.49058909471486 194
1623844073148 -137.98805211625051 195
1623844089858 -159.4942448758255 196
1623844107713 -125.63202667539267 197
1623844124532 -137.1786952708399 198
1623844139413 -119.2577815943062 199
1623844155308 -129.50035614797252 200
1623844170209 -133.0542673917069 201
1623844183883 -135.2607269437122 202
1623844201071 -135.55667991331686 203
1623844215822 -132.89371951258354 204
1623844232897 -108.74850834882334 205
1623844247944 -138.51886498438066 206
1623844263722 -134.01794368239175 207
1623844278720 -123.42157321387181 208
1623844295221 -122.81421245871539 209
1623844309347 -131.21598827654492 210
1623844327521 -126.44127794027945 211
1623844341947 -123.6802774400038 212
1623844357218 -132.7200616996064 213
1623844372794 -118.26632250033258 214
1623844388815 -122.57523830844123 215
1623844404139 -141.77107993942076 216
1623844420821 -134.9283289921941 217
1623844436213 -134.89556648851317 218
1623844451770 -149.31215820236847 219
1623844469690 -133.96687472361657 220
1623844486145 -113.88412115266578 221
1623844501925 -137.19365235138824 222
1623844516728 -154.39151300677244 223
1623844534062 -92.1350323783582 224
1623844549865 -115.70584696018113 225
1623844566842 -126.16513118988027 226
1623844582593 -140.6041651583043 227
1623844598694 -147.4245011255859 228
1623844615709 -137.69660970547142 229
1623844631965 -89.09177166978547 230
1623844646654 -153.43809172753032 231
1623844663563 -108.58498096182666 232
1623844679623 -138.34661531901548 233
1623844694407 -97.24349529151975 234
1623844710680 -140.79602944487377 235
1623844725504 -142.46719416517865 236
1623844745064 -145.4868722218915 237
1623844764036 -126.5412011074498 238
1623844779822 -146.6696985142941 239
1623844794768 -137.44898655250293 240
1623844811422 -147.2842354020044 241
1623844828436 -151.94654188616425 242
1623844844846 -133.93735068236936 243
1623844861035 -129.2056555876511 244
1623844875475 -134.67371102878369 245
1623844893680 -146.68345711908614 246
1623844910318 -138.03913765854725 247
1623844927340 -151.98189480867345 248
1623844944968 -124.4638886238346 249
1623844960287 -135.81030078256975 250
1623844976926 -139.2886586303174 251
1623844992631 -140.52356512551987 252
1623845008909 -136.4480578150014 253
1623845023382 -125.71534465531761 254
1623845039235 -142.4658771187736 255
1623845056852 -154.12350144169395 256
1623845072648 -136.78576513826118 257
1623845088657 -171.9681971509363 258
1623845103994 -129.9738696667934 259
1623845118924 -109.18441577608118 260
1623845134709 -140.2304119117118 261
1623845151022 -131.26082233828427 262
1623845167545 -143.31333625711386 263
1623845185251 -147.7340561442938 264
1623845202107 -121.611873760586 265
1623845217785 -134.83698161201195 266
1623845231850 -136.21464442204456 267
1623845247804 -128.97162752436446 268
1623845265006 -106.95663020473656 269
1623845282947 -137.78163762747522 270
1623845299785 -127.33267871399676 271
1623845314473 -128.34136623219155 272
1623845331414 -133.00948599163746 273
1623845349320 -169.1965950562111 274
1623845363638 -127.12711416196484 275
1623845380186 -137.856557432032 276
1623845396820 -148.8589359657426 277
1623845412736 -127.90199273220192 278
1623845429171 -126.55630318753306 279
1623845444602 -134.58270645460988 280
1623845460119 -105.76678976696653 281
1623845476895 -148.92914761860484 282
1623845492613 -142.85653741798262 283
1623845506728 -120.21660455717219 284
1623845524242 -151.23614050704487 285
1623845538695 -116.64687274284825 286
1623845553994 -157.72959631136618 287
1623845569451 -117.12732881532506 288
1623845586835 -147.00552411127302 289
1623845603024 -142.4281053285641 290
1623845619075 -131.895722873262 291
1623845633074 -133.4835741792967 292
1623845647072 -116.88614684354461 293
1623845662136 -135.36456944995984 294
1623845678333 -135.10447898565673 295
1623845694054 -129.4204874632279 296
1623845709841 -145.6967178310364 297
1623845724165 -130.9626864321728 298
1623845739847 -99.14799795598353 299
1623845755540 -133.7282893557044 300
1623845771088 -135.25694920728333 301
1623845786402 -134.3865910857857 302
1623845803552 -134.93734401405166 303
1623845819832 -112.25000342522151 304
1623845835996 -133.95503274987408 305
1623845851422 -104.64841544662329 306
1623845865318 -118.79015456533484 307
1623845881747 -117.21084218666718 308
1623845897569 -139.7016108057032 309
1623845913796 -111.37215460797873 310
1623845930103 -121.84259507066672 311
1623845944943 -134.27519522540382 312
1623845960636 -107.01359730198733 313
1623845974667 -89.823164677503 314
1623845989948 -146.04720536805468 315
1623846005484 -143.1853979054429 316
1623846022319 -142.38610500535455 317
1623846037380 -100.5080603490963 318
1623846052595 -140.95038532665112 319
1623846069772 -126.02371330897859 320
1623846087178 -158.16195145356988 321
1623846102009 -121.05322870703594 322
1623846116588 -137.11183159040723 323
1623846132504 -128.13985011969112 324
1623846149812 -166.81152001084828 325
1623846164916 -133.63721278070807 326
1623846180818 -157.03530977720067 327
1623846196920 -168.2347756194021 328
1623846213861 -129.1836396601489 329
1623846228284 -108.4512017765268 330
1623846244497 -158.29921308683492 331
1623846260541 -117.76195533076921 332
1623846275953 -136.17541067868538 333
1623846291640 -145.5503065186365 334
1623846308179 -129.60963689587456 335
1623846324880 -136.53216893750667 336
1623846340799 -144.25453200102433 337
1623846356830 -147.16951077245605 338
1623846372163 -111.2871490661295 339
1623846388774 -128.33263226302415 340
1623846404062 -129.1964690616909 341
1623846418387 -106.4473380997752 342
1623846434599 -121.57726778980808 343
1623846450923 -144.3138000256059 344
1623846465732 -134.51330129954383 345
1623846481215 -140.19654457565858 346
1623846498380 -136.34110744545612 347
1623846513575 -131.78372750280658 348
1623846529635 -140.24137797271948 349
1623846544895 -144.67403550194658 350
1623846560455 -143.35385332162258 351
1623846575824 -134.9503344005022 352
1623846591016 -143.73902893284844 353
1623846611231 -132.52227775689258 354
1623846626317 -139.0509347983518 355
1623846641450 -143.74745055753323 356
1623846657461 -112.67072199687337 357
1623846675442 -108.74724959561907 358
1623846690717 -134.4812521795674 359
1623846706884 -184.18931678924986 360
1623846723065 -130.15951363239387 361
1623846740273 -118.3823633243217 362
1623846757481 -132.6520738648466 363
1623846774223 -137.67909958468528 364
1623846790064 -128.2645525825004 365
1623846806394 -142.73401006915213 366
1623846821975 -106.91951987828472 367
1623846837861 -142.38360154515107 368
1623846854217 -141.6386458592301 369
1623846870335 -146.94970774887832 370
1623846884405 -108.65117034676942 371
1623846898555 -118.45545901588798 372
1623846913872 -135.9376793763127 373
1623846927236 -131.50896784669368 374
1623846942158 -136.59048542965314 375
1623846958722 -126.53084092514227 376
1623846974877 -131.939393936764 377
1623846992601 -138.59467816861545 378
1623847007599 -141.25762034724886 379
1623847025429 -120.48591161710547 380
1623847040626 -120.77396753400278 381
1623847056268 -140.37962105463876 382
1623847073018 -131.62831764339455 383
1623847089884 -142.43611825902772 384
1623847106561 -142.6091944609791 385
1623847123515 -124.0429481871691 386
1623847139409 -143.95938891304928 387
1623847155438 -130.01326636811024 388
1623847172399 -149.78479887074246 389
1623847189688 -133.62934231316524 390
1623847207218 -132.3274109820587 391
1623847224002 -112.86121992041528 392
1623847241315 -147.07410564158005 393
1623847256825 -146.14085211215559 394
1623847273402 -120.4069775508182 395
1623847289056 -158.97365578684554 396
1623847304693 -131.54695063329223 397
1623847319893 -132.47436228082378 398
1623847334343 -131.0339936209213 399
