1623704606123 -490 0
1623704650824 -257 1
1623704675938 -128 2
1623704701973 -145 3
1623704731600 -145 4
1623704771116 -153 5
1623704800805 -139 6
1623704827216 -162 7
1623704854784 -132 8
1623704886401 -142 9
1623704914346 -138 10
1623704940805 -167 11
1623704968122 -151 12
1623704999460 -140 13
1623705029010 -122 14
1623705052022 -122 15
1623705076442 -128 16
1623705100756 -126 17
1623705121859 -127 18
1623705143859 -117 19
1623705166220 -104 20
1623705189230 -106 21
1623705217082 -104 22
1623705244423 -108 23
1623705270389 -113 24
1623705294850 -118 25
1623705323967 -105 26
1623705358679 -130 27
