1623704606157 -93.51713253215185 0
1623704650855 -85.08902018750251 1
1623704675966 -85.08902018750251 2
1623704702000 -106.63781247039829 3
1623704731639 -134.38717724465607 4
1623704771210 -107.2621834423961 5
1623704800850 -104.43068579063925 6
1623704827264 -112.40718882728552 7
1623704854817 -119.1770038859569 8
1623704886436 -122.88438910360863 9
1623704914371 -122.88438910360863 10
1623704940838 -127.8716685148388 11
1623704968156 -140.8948403726459 12
1623704999511 -109.14797780727481 13
1623705029044 -109.14797780727481 14
1623705052051 -106.3988891129724 15
1623705076477 -106.3988891129724 16
1623705100785 -90.50922300874285 17
1623705121882 -90.50922300874285 18
1623705143889 1.0884741852318314 19
1623705166252 1.0884741852318314 20
1623705189259 -55.65074882408451 21
1623705217137 -55.65074882408451 22
1623705244461 -60.489567998980625 23
1623705270426 -60.489567998980625 24
1623705294885 -39.20460824520686 25
1623705324007 -32.69750153668596 26
1623705358715 -32.69750153668596 27
