1623704606088 -1595.209951498875 0
1623704650796 -709.9581495333907 1
1623704675908 -210.77579090542773 2
1623704701943 -199.03013447629257 3
1623704731560 -146.82970568504135 4
1623704771037 -159.67349975530115 5
1623704800761 -143.4655335501124 6
1623704827182 -169.44721756575515 7
1623704854748 -152.7388687224399 8
1623704886368 -146.48077277639226 9
1623704914319 -141.87832318843647 10
1623704940772 -178.70450488579397 11
1623704968088 -157.88481014163523 12
1623704999386 -146.707602140409 13
1623705028974 -131.46633999965582 14
1623705051988 -129.87416663832778 15
1623705076411 -139.43380671974887 16
1623705100727 -138.29951452648484 17
1623705121830 -141.6876154466076 18
1623705143825 -128.0608555837836 19
1623705166194 -120.32251983299253 20
1623705189196 -123.84177151956519 21
1623705217025 -158.18922397910217 22
1623705244387 -147.59617552684145 23
1623705270349 -126.79229314852007 24
1623705294822 -139.06848979963007 25
1623705323928 -123.17931131222903 26
1623705358643 -164.17933287097713 27
1623705395371 -175.36909363485302 28
1623705431982 -188.51611877515361 29
1623705477401 -249.8157675588488 30
1623705510390 -132.4532484698111 31
1623705543717 -113.10273622006511 32
1623705575606 -125.85383142898186 33
1623705617295 -96.30099473703285 34
1623705647930 -126.69817678241284 35
1623705684002 -94.81308976983583 36
1623705722267 -157.27950925275732 37
1623705753472 -168.6526009527231 38
1623705791523 -119.68687317872589 39
1623705824264 -178.8067553579701 40
1623705853397 -135.12659352543562 41
1623705886484 -203.62053447873024 42
1623705920958 -220.13796013895725 43
1623705949952 -113.56478315851955 44
1623705999576 -108.158530213084 45
1623706052558 -112.99854443473805 46
1623706108843 -121.27299480458832 47
1623706146698 -123.19984764220092 48
1623706190040 -170.47141135440117 49
1623706232817 -137.4351694777175 50
1623706270420 -117.66417241423547 51
1623706325578 -82.32445097484863 52
1623706381531 -153.33986211750045 53
1623706431817 -88.7210378880358 54
1623706463929 -261.90063986889135 55
1623706495647 -84.09648630839979 56
1623706525532 -157.9702028113219 57
1623706564835 -138.13534375835894 58
1623706599855 -128.83967984260107 59
1623706663930 -120.45118935411372 60
1623706711580 -144.5999722705556 61
1623706758239 -108.79161283468056 62
1623706808105 -122.4857804006945 63
1623706854099 -152.8320034372588 64
1623706908265 -164.89904644474046 65
1623706948327 -130.35439564327717 66
1623706992928 -143.96170267576613 67
1623707033128 -128.47267984944 68
1623707070062 -145.0533941359367 69
1623707109235 -113.8718764474495 70
1623707160455 -142.92037459335793 71
1623707206716 -97.25187233210667 72
1623707251856 -122.19875944642224 73
1623707309306 -120.04760553872674 74
1623707347251 -125.45428180646937 75
1623707415894 -124.35831489981308 76
1623707465273 -132.3080007004131 77
1623707511779 -122.62358469871515 78
1623707566626 -112.73784653051158 79
1623707628403 -98.62577826752157 80
1623707681727 -141.56589363333447 81
1623707731859 -56.0441231983981 82
1623707793600 -122.43330578147774 83
1623707834096 -87.68523523371223 84
1623707899871 -117.82266600595233 85
1623707972716 -160.013967245738 86
1623708024949 -164.70765706371822 87
1623708090386 -170.29068717613558 88
1623708144481 -117.87487919258035 89
1623708203759 -150.9474265223023 90
1623708249319 -202.04328033653036 91
1623708303369 -117.56276855177494 92
1623708369304 -178.541122197461 93
1623708424603 -155.54024006288313 94
1623708464462 -153.303468487974 95
1623708514098 -195.27394921051737 96
1623708552651 -126.331988547821 97
1623708612596 -142.19498608931536 98
1623708648922 -154.88306566686884 99
1623708687984 -155.00458446822887 100
1623708736454 -120.14426353153442 101
1623708774069 -133.4809134514169 102
1623708819318 -149.44801460022853 103
1623708865282 -111.57471071059717 104
1623708914763 -129.4842310243195 105
1623708967027 -133.68734292519008 106
1623708997018 -136.3079630727621 107
1623709038870 -182.2081200853015 108
1623709081034 -95.17494855195872 109
1623709120782 -120.51772476834378 110
1623709166138 -176.27184559232003 111
1623709202758 -139.57616805533885 112
1623709233660 -167.21092258537888 113
1623709268431 -71.14709965902591 114
1623709308656 -147.89479224523336 115
1623709354251 -98.53389056819744 116
1623709397845 -91.21023393550944 117
1623709436843 -175.22230423686582 118
1623709465606 -156.12572340319863 119
1623709514237 -82.63414266201437 120
1623709556077 -141.07272731070137 121
1623709594296 -149.622306862802 122
1623709659854 -110.71087963761696 123
1623709747448 -99.77954931458584 124
1623709809636 -90.90375873248597 125
1623709864103 -145.8184035868741 126
1623709929423 -139.64267213321406 127
1623709985540 -153.74475844823388 128
1623710045934 -127.3186024744036 129
1623710105484 -71.5207862580352 130
1623710202498 -142.99532823246653 131
1623710298753 -220.39731573894497 132
1623710351721 -118.59889378418188 133
1623710479820 -138.66789659144897 134
1623710538500 -167.24900345812458 135
1623710600618 -101.50324431954701 136
1623710717482 -70.430063204757 137
1623710876678 -116.09396237779615 138
1623710998612 -137.27134820406707 139
1623711059283 -129.83738696149115 140
1623711117561 -151.68979386792415 141
1623711173369 -125.07214860411018 142
1623711259872 -110.95072501792592 143
1623711465146 -98.5842107798122 144
1623711675835 -80.49819428528471 145
1623711769343 -82.84225809988934 146
1623711869610 -131.73411163617018 147
1623711961846 -126.49554977829034 148
1623712032687 -153.38807624225942 149
1623712130525 -98.57310796775623 150
1623712244353 -161.58290578094164 151
1623712312411 -162.65743155998257 152
1623712415832 -130.9628926849763 153
1623712536547 -59.11716124618859 154
1623712651606 -113.64758581570814 155
1623712751358 -68.27324697420262 156
1623712899334 -43.96946004489193 157
1623713014414 -120.01232859029832 158
1623713094786 -40.79928246033769 159
1623713133762 -273.6540942176699 160
1623713220495 -102.06263792058019 161
1623713299983 -72.57579182468712 162
1623713333328 -172.08310805000437 163
1623713467777 -89.9457099162637 164
1623713554420 -117.50060800369533 165
1623713686405 -91.62045790721794 166
1623713872222 -48.85218568511764 167
1623713946463 -52.54566391187511 168
1623714030993 -50.13792453304923 169
1623714090984 -79.10901321634151 170
1623714144576 -131.1773835243913 171
1623714270805 -98.61801754414861 172
1623714370729 -71.4988271583565 173
1623714456971 -134.7461110374635 174
1623714496525 -134.25475675219826 175
1623714574281 -82.51211351435842 176
1623714703660 -88.10830888343588 177
1623714738142 -169.33010453085853 178
1623714806154 -141.26204656104218 179
1623714906909 -215.99856382020772 180
1623715019448 -138.2322338042427 181
1623715164017 -125.43163824979597 182
1623715326588 -136.5110922995138 183
1623715410478 -137.19085308081816 184
1623715515463 -85.56225747186917 185
1623715580997 -124.86530078519868 186
1623715696869 -60.43447193011542 187
1623715793574 -136.54630318501023 188
1623715847063 -186.01430156579414 189
1623715935611 -131.07400853997873 190
1623715966530 -184.44780234474544 191
1623716019409 -89.93530188121635 192
1623716067471 -160.82485333268653 193
1623716116803 -138.92593678394445 194
1623716190785 -137.174969179768 195
1623716270143 -80.74629126048058 196
1623716301731 -171.65107296204536 197
1623716336713 -190.9210652849295 198
1623716392760 -113.24037374200789 199
1623716480050 -61.82579412236364 200
1623716532052 -131.33965786151367 201
1623716581674 -141.8360771709784 202
1623716663354 -121.68188342640858 203
1623716703953 -197.2264202600461 204
1623716768557 -102.37735803421609 205
1623716860686 -182.23793096047916 206
1623717025193 -36.39885722139148 207
1623717152311 -71.9790051469511 208
1623717217226 -142.85234532914137 209
1623717319712 -112.62250506317775 210
1623717402328 -152.85347929116193 211
1623717484705 -90.2517370386353 212
1623717551681 -114.97141728895956 213
1623717695789 -105.7781858838118 214
1623717783685 -186.0591909814462 215
1623717893701 -159.91233179447295 216
1623718036891 -144.05746807021055 217
1623718079339 -79.33995394732008 218
1623718139130 -143.1941758084816 219
1623718253035 -151.30784873837956 220
1623718342638 -54.1402574797125 221
1623718416918 -112.94359865726946 222
1623718510244 -182.15195082248982 223
1623718629017 -134.3791589335278 224
1623718734188 -113.57563287013795 225
1623718882343 -106.88316235954713 226
1623718965833 -159.83955603964918 227
1623719056526 -110.23091468361281 228
1623719139080 -151.863214553887 229
1623719226151 -104.14255443768658 230
1623719388595 -98.597117062097 231
1623719458663 -110.7853676591184 232
1623719639609 -93.88286736351502 233
1623719747249 -154.85635924943003 234
1623719821897 -121.69931082022393 235
1623719905717 -120.94740100499148 236
1623720068582 -48.15424463014983 237
1623720189818 -143.79392042249054 238
1623720330285 -74.07602530801381 239
1623720377258 -181.98194190746716 240
1623720562105 -156.16707118979917 241
1623720634696 -144.34577395986562 242
1623720833023 -103.19190068812392 243
1623720947859 -152.7824000800509 244
1623721009963 -123.35264092803664 245
1623721126804 -97.3354013901036 246
