1623703987199 -501 0
1623704009468 -184 1
1623704027363 -133 2
1623704048796 -122 3
1623704068895 -116 4
1623704088888 -120 5
1623704107320 -134 6
1623704127947 -127 7
1623704147524 -92 8
1623704166948 -101 9
1623704184099 -125 10
1623704201495 -126 11
1623704219673 -146 12
1623704237917 -146 13
1623704259084 -135 14
1623704282230 -143 15
1623704304109 -143 16
1623704324211 -135 17
1623704350440 -122 18
1623704371977 -113 19
1623704396964 -83 20
1623704425945 -109 21
1623704457164 -128 22
1623704486933 -131 23
1623704512848 -103 24
1623704549635 -48 25
1623704582354 -86 26
1623704607810 -83 27
1623704654394 -70 28
1623704686051 -76 29
1623704721171 -105 30
1623704781843 -104 31
1623704826420 -28 32
1623704873181 -43 33
1623704916399 -75 34
1623704952643 -105 35
1623704992696 -101 36
1623705034852 -123 37
1623705067013 -62 38
1623705111687 -68 39
1623705160385 -71 40
1623705230153 -87 41
1623705296723 -59 42
1623705362071 -48 43
1623705413926 -75 44
1623705479490 -85 45
1623705536906 -69 46
1623705591884 -55 47
1623705649153 -102 48
1623705700890 -93 49
1623705739876 -104 50
1623705796886 -79 51
1623705835319 -129 52
1623705871079 -151 53
1623705903424 -113 54
1623705942208 -127 55
1623705975097 -52 56
1623706013340 -49 57
1623706056291 -80 58
1623706126252 -75 59
1623706152542 -141 60
1623706187355 -92 61
1623706224835 -88 62
1623706266170 -73 63
1623706303279 -96 64
1623706337241 -70 65
1623706386507 -57 66
1623706423269 -71 67
1623706458137 -98 68
1623706495031 -106 69
1623706528412 -68 70
1623706564324 -87 71
1623706597359 -103 72
1623706632397 -92 73
1623706669107 -117 74
1623706707681 -82 75
1623706742791 -92 76
1623706780762 -88 77
1623706833457 -73 78
1623706877222 -84 79
1623706954619 -34 80
1623706990455 -111 81
1623707058625 -96 82
1623707092967 -124 83
1623707167936 -57 84
1623707213973 -59 85
1623707284045 -48 86
1623707321438 -104 87
1623707365974 -115 88
1623707450778 -49 89
1623707476649 -115 90
1623707501784 -135 91
1623707533420 -87 92
1623707565209 -102 93
1623707589379 -100 94
1623707630157 -63 95
1623707666179 -63 96
1623707696020 -90 97
1623707730776 -94 98
1623707771903 -105 99
1623707801488 -71 100
1623707829237 -67 101
1623707851673 -109 102
1623707879242 -131 103
1623707904308 -98 104
1623707935000 -82 105
1623707966614 -66 106
1623708066492 -27 107
1623708129799 -53 108
1623708267402 -35 109
1623708313181 -78 110
1623708351469 -111 111
1623708416450 -62 112
1623708457578 -90 113
1623708494356 -77 114
1623708531482 -86 115
1623708642447 -86 116
1623708688527 -107 117
1623708783991 -29 118
1623708859746 -81 119
1623708941027 -75 120
1623709031608 -47 121
1623709074814 -86 122
1623709121141 -93 123
1623709168907 -59 124
1623709264111 -59 125
1623709335872 -50 126
1623709379825 -65 127
1623709468687 -73 128
1623709533899 -60 129
1623709587728 -75 130
1623709634609 -90 131
1623709701045 -44 132
1623709746992 -60 133
1623709814071 -58 134
1623709841807 -91 135
1623709923547 -47 136
1623710012166 -72 137
1623710204828 -27 138
1623710247658 -91 139
1623710352193 -91 140
1623710506432 -18 141
1623710626167 -43 142
1623710704952 -76 143
1623710765884 -72 144
1623710861512 -60 145
1623710915904 -93 146
1623711048894 -47 147
1623711229024 -38 148
1623711385148 -44 149
1623711552097 7 150
1623711599871 -55 151
1623711730927 -88 152
1623711818452 -38 153
1623711947878 -45 154
1623712040859 -39 155
1623712112137 -65 156
1623712250125 -59 157
1623712316202 -88 158
1623712393166 -86 159
1623712450597 -35 160
1623712502782 -47 161
1623712630366 -8 162
1623712728253 -32 163
1623712910634 -7 164
1623713033071 -27 165
1623713114095 -83 166
1623713215059 -49 167
1623713323012 -62 168
1623713453381 -33 169
1623713620594 -28 170
1623713961170 56 171
1623714009395 -97 172
1623714050911 -122 173
1623714092636 -118 174
1623714197221 -16 175
1623714249082 -71 176
1623714346447 -46 177
1623714414907 -70 178
1623714466145 -90 179
1623714509909 -81 180
1623714566895 -88 181
1623714644021 -22 182
1623714719874 -60 183
1623714794057 -41 184
1623714840328 -42 185
1623714913656 -36 186
1623714965761 -41 187
1623715042584 -22 188
1623715175018 25 189
1623715335544 32 190
1623715453476 20 191
1623715549131 -33 192
1623715691832 -37 193
1623715798240 -7 194
1623715945512 -16 195
1623716097316 -25 196
1623716203367 -46 197
1623716339687 -30 198
1623716443504 -26 199
1623716546107 -29 200
1623716685075 -22 201
1623716823775 3 202
1623717020888 37 203
1623717142695 -13 204
1623717364382 5 205
1623717469900 -9 206
1623717646139 -14 207
1623717911989 14 208
1623718028238 -18 209
1623718179424 -16 210
1623718257954 -17 211
1623718353578 -29 212
1623718490050 -19 213
1623718617626 -15 214
1623718689168 -42 215
1623718830422 8 216
1623719079169 29 217
1623719234660 12 218
1623719484464 33 219
1623719620778 -13 220
1623719762029 -40 221
1623720006110 -2 222
1623720207270 13 223
1623720410707 48 224
1623720533815 31 225
1623720836350 102 226
1623721059089 56 227
