1623703987222 -89.33310522529612 0
1623704009494 -89.33310522529612 1
1623704027385 -98.32532336519958 2
1623704048820 -72.19561379663526 3
1623704068916 -72.19561379663526 4
1623704088910 -78.67717685422568 5
1623704107341 -82.87700709243839 6
1623704127967 -82.87700709243839 7
1623704147547 -65.13572302061417 8
1623704166972 -49.135352504889134 9
1623704184119 -49.135352504889134 10
1623704201516 -89.71241682669168 11
1623704219693 -89.71241682669168 12
1623704237938 -94.97335573721726 13
1623704259104 -79.51989973464758 14
1623704282250 -79.51989973464758 15
1623704304131 -85.12073703849926 16
1623704324232 -88.27468359861004 17
1623704350462 -65.44714178132547 18
1623704372008 -65.39818551980886 19
1623704396986 -38.99803106346208 20
1623704425979 -38.99803106346208 21
1623704457187 -52.28107069228575 22
1623704486956 -79.63558962445447 23
1623704512868 42.73978530512583 24
1623704549664 42.73978530512583 25
1623704582379 -0.8448328561721581 26
1623704607862 -29.050255085280394 27
1623704654428 -29.050255085280394 28
1623704686085 -38.07941169525563 29
1623704721206 -40.615609279709815 30
1623704781890 -50.114939200100004 31
1623704826454 126.88675698645348 32
1623704873218 126.88675698645348 33
1623704916435 -3.559696326949175 34
1623704952683 -20.946710525715435 35
1623704992731 -32.64705955173178 36
1623705034882 -63.36832101644757 37
1623705067040 35.50900286071668 38
1623705111715 27.553541119640517 39
1623705160420 51.381524383867784 40
1623705230189 11.353902175981682 41
1623705296758 17.279549094466653 42
1623705362106 36.53744112256869 43
1623705413962 36.53744112256869 44
1623705479525 -29.86286021415787 45
1623705536941 -28.185974279916685 46
1623705591918 -0.1459021189817406 47
1623705649186 -0.1459021189817406 48
1623705700924 -15.87938427530998 49
1623705739910 -15.87938427530998 50
1623705796920 -10.28487147293011 51
1623705835352 -10.28487147293011 52
1623705871113 -48.21952628452189 53
1623705903449 -24.052347006406023 54
1623705942232 -57.73561544021775 55
1623705975119 -20.268021194504854 56
1623706013363 8.532781201812906 57
1623706056313 8.532781201812906 58
1623706126279 71.27737474735241 59
1623706152563 71.27737474735241 60
1623706187379 -11.057291532491424 61
1623706224858 -11.057291532491424 62
1623706266193 10.557371496475549 63
1623706303301 10.557371496475549 64
1623706337274 4.730183678280687 65
1623706386541 28.403446233181654 66
1623706423302 28.403446233181654 67
1623706458170 -19.306239812348508 68
1623706495065 -10.184790294555503 69
1623706528446 -10.184790294555503 70
1623706564358 4.4680040632116285 71
1623706597392 4.4680040632116285 72
1623706632431 -35.07574177265191 73
1623706669141 -54.119924744354684 74
1623706707714 -9.748892541325933 75
1623706742825 -9.748892541325933 76
1623706780799 -37.457851570842976 77
1623706833493 -22.888766509385267 78
1623706877256 -27.8433436556379 79
1623706954653 92.63237108341606 80
1623706990488 92.63237108341606 81
1623707058659 -14.94213346133456 82
1623707093001 -14.94213346133456 83
1623707167970 51.00240434969265 84
1623707214007 51.00240434969265 85
1623707284079 45.19699518443781 86
1623707321466 45.19699518443781 87
1623707365998 -33.39162890559971 88
1623707450806 99.51163821474768 89
1623707476671 99.51163821474768 90
1623707501805 -57.41591514814799 91
1623707533444 -16.557989549908584 92
1623707565233 -16.557989549908584 93
1623707589404 -34.21419642899831 94
1623707630180 34.806073300757895 95
1623707666201 34.806073300757895 96
1623707696044 -21.119164440184257 97
1623707730798 -45.92694124848441 98
1623707771925 -17.264591452920467 99
1623707801513 -12.800428844219851 100
1623707829262 -12.800428844219851 101
1623707851696 -13.250177358926038 102
1623707879267 -47.63764336362111 103
1623707904332 -47.63764336362111 104
1623707935025 -45.52551912975579 105
1623707966639 -26.61701237335306 106
1623708066526 82.34252217422677 107
1623708129834 82.34252217422677 108
1623708267436 47.35766268502592 109
1623708313216 47.35766268502592 110
1623708351494 -29.63273223872743 111
1623708416473 -8.691186778972693 112
1623708457613 -8.691186778972693 113
1623708494391 -40.71460285655921 114
1623708531517 -4.552207616141106 115
1623708642482 -4.552207616141106 116
1623708688562 -25.431653425287294 117
1623708784026 36.07126446875708 118
1623708859781 36.07126446875708 119
1623708941062 -43.77656122211314 120
1623709031644 27.53972700837223 121
1623709074850 27.53972700837223 122
1623709121176 -68.7749308164858 123
1623709168943 -2.610311980925721 124
1623709264146 68.63655287108254 125
1623709335908 68.63655287108254 126
1623709379860 8.884855037117081 127
1623709468723 8.884855037117081 128
1623709533934 20.31092015822792 129
1623709587765 9.283571577050463 130
1623709634633 9.283571577050463 131
1623709701068 22.175332379332872 132
1623709747028 22.78701550158364 133
1623709814094 26.36345230471003 134
1623709841830 26.36345230471003 135
1623709923570 28.005859068849453 136
1623710012202 28.005859068849453 137
1623710204863 65.88599874593659 138
1623710247694 65.88599874593659 139
1623710352229 6.916489138512136 140
1623710506468 100.56342609610849 141
1623710626202 100.56342609610849 142
1623710704977 83.26909390098066 143
1623710765907 19.433376066883586 144
1623710861548 16.94136115644612 145
1623710915939 16.94136115644612 146
1623711048930 46.29490698549644 147
1623711229058 44.42864597307422 148
1623711385183 63.31699092442167 149
1623711552132 116.41172163982273 150
1623711599907 111.52929012882666 151
1623711730963 9.13277442652031 152
1623711818487 81.47274227666026 153
1623711947914 81.47274227666026 154
1623712040895 56.99562634044835 155
1623712112174 28.27425613563629 156
1623712250161 104.87198798109038 157
1623712316239 100.17957112091577 158
1623712393201 1.2570451534971057 159
1623712450633 35.145289942285515 160
1623712502819 53.971342634422534 161
1623712630402 171.6021298460355 162
1623712728287 171.6021298460355 163
1623712910670 143.37801789450356 164
1623713033108 143.37801789450356 165
1623713114131 61.956950118437405 166
1623713215095 42.546854656069264 167
1623713323049 75.81996392874558 168
1623713453417 84.78963142822477 169
1623713620630 84.78963142822477 170
1623713961206 152.46057011818056 171
1623714009431 152.46057011818056 172
1623714050947 -26.464522355566764 173
1623714092672 -26.464522355566764 174
1623714197257 112.20090553234972 175
1623714249119 112.20090553234972 176
1623714346483 41.253454114545875 177
1623714414943 41.253454114545875 178
1623714466182 3.2715221565026638 179
1623714509945 -16.411578264354358 180
1623714566932 18.206247892031136 181
1623714644057 103.7417791243245 182
1623714719910 100.34268238185855 183
1623714794080 69.04649084768805 184
1623714840351 69.04649084768805 185
1623714913680 56.11774559654525 186
1623714965787 54.27300062599444 187
1623715042608 95.98904850371154 188
1623715175043 150.6447066597372 189
1623715335569 150.6447066597372 190
1623715453516 137.30359026878688 191
1623715549167 127.5654685885992 192
1623715691867 117.9055852673282 193
1623715798280 52.68600236100351 194
1623715945549 67.23156141214966 195
1623716097351 100.1556786469193 196
1623716203404 100.1556786469193 197
1623716339726 85.88900396906733 198
1623716443541 142.83839936363253 199
1623716546144 142.83839936363253 200
1623716685111 85.7403930684338 201
1623716823812 168.8929823428453 202
1623717020925 168.8929823428453 203
1623717142732 150.65931366921745 204
1623717364419 104.47789838969075 205
1623717469937 105.8118061750228 206
1623717646174 105.8118061750228 207
1623717912025 175.13400633703617 208
1623718028275 141.56203722700917 209
1623718179460 121.79718743627033 210
1623718257992 191.122274204091 211
1623718353615 191.122274204091 212
1623718490088 127.7359595756191 213
1623718617662 106.87780611151561 214
1623718689194 106.87780611151561 215
1623718830460 131.90364257055663 216
1623719079206 154.7791143910471 217
1623719234697 154.7791143910471 218
1623719484501 178.2055413350137 219
1623719620814 178.2055413350137 220
1623719762069 117.50400263424213 221
1623720006146 121.85946039297448 222
1623720207309 152.06977822909226 223
1623720410747 203.693543213841 224
1623720533853 161.10594067794142 225
1623720836386 259.6796802926333 226
1623721059143 259.6796802926333 227
