1623703987180 -1595.209951498875 0
1623704009449 -461.6194684618773 1
1623704027343 -180.84995880799335 2
1623704048778 -171.30401710657844 3
1623704068875 -117.53797035424995 4
1623704088864 -121.8981085618997 5
1623704107302 -138.76620709559074 6
1623704127927 -128.82356704679472 7
1623704147506 -120.55367339137396 8
1623704166928 -105.26141725099214 9
1623704184076 -133.55264757544904 10
1623704201469 -128.2197508567264 11
1623704219652 -162.47911644869492 12
1623704237896 -151.03742759854552 13
1623704259064 -159.7992952791878 14
1623704282208 -280.0014633957975 15
1623704304084 -227.8605826638066 16
1623704324185 -214.01021446983742 17
1623704350419 -288.0044011217758 18
1623704371955 -140.55496979838193 19
1623704396941 -115.6103969512742 20
1623704425909 -259.9440648577985 21
1623704457141 -207.8529554287291 22
1623704486908 -178.48548786174155 23
1623704512820 -136.3402477524923 24
1623704549606 -86.7122280357674 25
1623704582328 -139.22271438423155 26
1623704607744 -112.31934360676118 27
1623704654359 -111.60486844317529 28
1623704686016 -104.94612709186865 29
1623704721133 -151.54638143914917 30
1623704781800 -137.3133533097633 31
1623704826385 -74.1518247706593 32
1623704873142 -87.37740253938264 33
1623704916362 -132.6859704968444 34
1623704952603 -152.10658604696494 35
1623704992661 -133.6721101388569 36
1623705034822 -159.72710107298653 37
1623705066980 -90.52590610756131 38
1623705111654 -107.18084031332906 39
1623705160349 -114.72120321699501 40
1623705230118 -128.04579402192647 41
1623705296689 -104.8174788467494 42
1623705362035 -76.57488673186427 43
