1623782198982 -475.4891737884976 0
1623782239790 -190.27414443443232 1
1623782270583 -96.86746437066073 2
1623782294313 -115.17517579868883 3
1623782316680 -137.42801545848212 4
1623782340763 -148.54962129417856 5
1623782362325 -147.60282275892405 6
1623782385872 -132.48276987079586 7
1623782408920 -132.97773273185888 8
1623782430431 -138.40567320814296 9
1623782451293 -116.02564955891776 10
1623782475584 -89.50719628076136 11
1623782500008 -98.76283900198789 12
1623782526737 -107.1942111795501 13
1623782557697 -91.05058697341676 14
1623782581864 -114.84147867632906 15
1623782607461 -87.60404110835562 16
1623782632545 -87.45357706020167 17
1623782658486 -91.08309404046184 18
1623782687783 -84.12502281231467 19
1623782713520 -92.50774536967701 20
1623782737140 -107.40366452611319 21
1623782763530 -57.49157433383636 22
1623782790974 -59.0322327047969 23
1623782816348 -82.76608895693543 24
1623782842940 -72.44922001551957 25
1623782869283 -83.08894745403892 26
1623782894625 -72.65247257695262 27
1623782918944 -76.56437567498956 28
1623782944060 -77.75475129345794 29
1623782970594 -33.26633466489246 30
1623782995565 -43.20064806586996 31
1623783023940 -82.68519320922508 32
1623783055348 -107.47798045794377 33
1623783087555 -57.047252552364945 34
1623783114853 -77.95144214700186 35
1623783144466 -89.00284560966911 36
1623783172081 -94.74615733501804 37
1623783198465 -74.21995940903861 38
1623783230298 -55.00202080164272 39
1623783259619 -94.89065684175455 40
1623783289778 -90.34691076360734 41
1623783325457 -46.124080406373324 42
1623783361198 -2.2987705189430407 43
1623783392064 -44.50124229399475 44
1623783443671 -19.507770026969265 45
1623783479689 -57.780634281489995 46
1623783525574 -56.3466853684065 47
1623783573936 -26.115837714809903 48
1623783619483 -32.222336058626645 49
1623783674001 -20.594960237226317 50
1623783724666 -11.027819469074698 51
1623783784173 2.171631971662338 52
1623783826473 -5.072799162252083 53
1623783864213 -67.76711643532211 54
1623783899945 -52.1711880398137 55
1623783951184 -34.91170847347164 56
1623783991160 -46.938391616819224 57
1623784043350 -44.774866441698066 58
1623784077807 -67.60517115717748 59
1623784163533 -33.5211085567918 60
1623784200067 -72.15168866340167 61
1623784239555 -68.13923675399259 62
1623784277032 -94.02218050632817 63
1623784328540 -79.49496639280649 64
1623784378032 -21.504121189993363 65
1623784443438 -10.784802301371581 66
1623784474207 -63.12790784714748 67
1623784507276 -79.03179163783894 68
1623784582568 -3.91855927071847 69
1623784611208 -39.555249964422 70
1623784640820 -95.14713468812735 71
1623784675094 -71.82777284953215 72
1623784726980 -46.09999594552906 73
1623784798017 -12.646831697676971 74
1623784840624 -30.05172008819761 75
1623784873580 -64.79182282479181 76
1623784930350 -50.444826177428865 77
1623784993360 -19.673631129850982 78
1623785052211 -9.954449621513916 79
1623785125635 -17.925031831280034 80
1623785159592 -40.15347350302098 81
1623785192130 -68.27610583984807 82
1623785237818 -47.631660071450916 83
1623785269622 -72.61399232274512 84
1623785359291 -30.99111108539944 85
1623785419365 -38.69342503074202 86
1623785462606 -56.36330706522154 87
1623785541665 -35.177949609795725 88
1623785611830 -40.49389695075631 89
1623785655994 -41.61446219869977 90
1623785712678 -9.280835689594536 91
1623785760428 -12.767945955342645 92
1623785809377 -31.52439504702107 93
1623785842235 -70.2565174298108 94
1623785887387 -23.950595394495934 95
1623785950793 -2.878628066587844 96
1623785983904 -46.89856077734586 97
1623786071958 -6.021488132494571 98
1623786141883 -16.5440748831346 99
1623786233484 -1.1187493389450311 100
1623786335610 21.0033245685065 101
1623786399295 18.91411986487697 102
1623786489811 57.89821251893809 103
1623786602805 55.150514116377806 104
1623786677633 46.66531493014918 105
1623786737143 10.083357683167018 106
1623786840890 41.467970784884116 107
1623786929396 32.444554791238886 108
1623786992253 46.71593349873423 109
1623787073496 71.78298662403003 110
1623787152341 46.44752352117985 111
1623787210421 38.760812293462365 112
1623787258955 -7.899434892597807 113
1623787316266 -34.85627816057938 114
1623787397546 76.988042156301 115
1623787457558 52.02323298932648 116
1623787510286 10.765490895850949 117
1623787566720 -27.011736244140167 118
1623787627418 51.46253847734416 119
1623787684912 71.99644854298347 120
1623787728933 -12.057383915128902 121
1623787790803 13.573453132932649 122
1623787830201 -18.053025445166085 123
1623787872918 -19.018011687113354 124
1623787910659 -15.2886017572851 125
1623787969844 37.95441553049656 126
1623788050218 100.09541079182435 127
1623788098581 14.940642308218463 128
1623788171659 21.3037564148911 129
1623788214115 1.4585139120113604 130
1623788250225 -27.859516339095766 131
1623788297538 -55.67889434631712 132
1623788342187 -21.72544335973302 133
1623788405197 27.395232150849314 134
1623788463953 1.8822308701140462 135
1623788514249 -14.260584616021301 136
1623788560832 48.157917658234574 137
1623788603519 12.1954119520834 138
1623788643168 -60.28816925370779 139
1623788694494 -20.068623023431712 140
1623788767926 0.7224550123032006 141
1623788840296 42.08766125243756 142
1623788875257 -36.16547788903708 143
1623788927112 -44.96898695322274 144
1623788990656 25.322895678689616 145
1623789082701 82.950652189873 146
1623789157273 56.09480572676596 147
1623789221977 4.989712244515407 148
1623789277797 75.57422167772287 149
1623789310653 10.786213850057905 150
1623789371708 33.79842257073399 151
1623789435677 10.03870486278183 152
1623789488480 4.91580612164142 153
1623789538250 -7.528316051046772 154
1623789587382 -18.814204477486925 155
1623789648820 22.592755130783974 156
1623789722591 44.05602489085859 157
1623789804708 151.25361383500405 158
1623789859216 67.39024681538575 159
1623789924638 28.59963967269972 160
1623789989095 90.57519029862415 161
1623790063248 111.5323866954917 162
1623790118875 14.4728050227105 163
1623790181436 63.326953144049604 164
1623790245882 51.00615909165276 165
1623790297675 9.500878505020308 166
1623790352011 34.818004722034104 167
1623790399795 14.893267470111095 168
1623790464635 50.71797373142626 169
1623790525816 55.71990495893147 170
1623790573216 12.897613031380786 171
1623790655370 97.9819444796892 172
1623790722700 52.74919935599416 173
1623790791426 51.52305167181834 174
1623790867226 86.53434159290588 175
1623790932260 74.34994403586715 176
1623790988911 83.00851860185166 177
1623791048627 74.460806733183 178
1623791122552 133.97473606253965 179
1623791179684 74.76455522739889 180
1623791234824 52.598062253603665 181
1623791294087 81.54672129428008 182
1623791384215 100.1915835909048 183
1623791432538 65.52635082372723 184
1623791503842 72.65006188356516 185
1623791594793 100.68476817390571 186
1623791676542 97.88544302961444 187
1623791744049 95.24929006746959 188
1623791837651 142.8508250905829 189
1623791912804 101.96058048777121 190
1623791989214 163.24006938896184 191
1623792078012 180.6835284067116 192
1623792157340 110.23217855512083 193
1623792257652 101.75437327409409 194
1623792331028 78.15621169723582 195
1623792419006 76.17550997090157 196
1623792535285 135.5923988471009 197
1623792635652 124.73442685371207 198
1623792728362 101.79953678900556 199
1623792822029 72.91252285424694 200
1623792900770 104.13640725399193 201
1623793004462 183.6231925924492 202
1623793092361 158.27549693849886 203
1623793188820 139.84065068049674 204
1623793261691 67.17973335240887 205
1623793328717 114.43486802027222 206
1623793400067 119.69411815424523 207
1623793480169 102.95131769079433 208
1623793569043 92.9369397569442 209
1623793645187 101.5993723907751 210
1623793733261 118.22103396518506 211
1623793814699 154.988515230232 212
1623793908860 167.79969293085313 213
1623793989867 140.97507060165927 214
1623794070042 109.85285423736977 215
1623794148968 123.17053457125797 216
1623794238516 96.19387719033507 217
1623794331036 96.77459191638933 218
1623794411427 110.83980859887835 219
1623794504795 140.3423853832344 220
1623794601919 152.36696492043416 221
1623794680320 94.88563190086353 222
1623794770535 100.98183880335435 223
1623794865497 107.96606958032356 224
1623794944496 97.04661028242191 225
1623795025367 96.15819996679005 226
1623795117852 144.52243940674128 227
1623795177190 81.91389324517532 228
1623795288890 112.76160642487679 229
1623795384129 148.89414986855598 230
1623795460600 121.60611970462476 231
1623795534679 118.44395219768985 232
1623795625057 107.90114114007584 233
1623795725210 140.72116231962892 234
1623795805181 131.01617667759712 235
1623795878474 103.70117138096123 236
1623795972724 151.7157236593607 237
1623796050018 128.31796258181737 238
1623796145328 117.4279882930186 239
1623796224695 111.77364425849696 240
1623796297784 80.63666399300264 241
1623796388845 86.55966615906877 242
1623796475425 125.83309285731825 243
1623796576027 184.08236026117248 244
1623796663938 108.25406109066886 245
1623796775094 96.25544171709603 246
1623796877564 142.29153779916302 247
1623796979956 145.94938291520907 248
1623797069561 141.73238827678975 249
1623797169559 138.9908011826776 250
1623797312867 162.16714274736515 251
1623797393926 159.99776808458634 252
1623797516633 141.42627774180363 253
1623797660255 157.12292701023947 254
1623797817906 161.6032550885074 255
1623797904977 153.4412204500507 256
1623798020647 109.2159156175778 257
1623798148738 115.47220631464944 258
1623798269233 156.10129211331136 259
1623798435128 163.9732352555285 260
1623798582474 163.71152320878812 261
1623798687400 157.8882787833381 262
1623798814359 187.3883081999436 263
1623798950040 161.74783405521666 264
1623799099358 195.1914724991433 265
1623799235676 167.3768903283464 266
1623799396433 203.34630907463176 267
1623799540729 181.33937283407795 268
1623799687045 182.47081755521242 269
1623799843955 184.20832550584197 270
1623800002062 165.69415839347562 271
1623800191381 208.76964135045725 272
1623800346545 195.24072035027345 273
1623800507452 205.1989690629709 274
1623800693466 199.8544280847816 275
1623800882387 234.8074161933577 276
