1623782199000 -127.58180701289498 0
1623782239809 -60.825176691313175 1
1623782270603 -60.825176691313175 2
1623782294332 -80.21488288713775 3
1623782316706 -95.17201278392191 4
1623782340782 -95.17201278392191 5
1623782362346 -128.07907101476604 6
1623782385892 -97.83998082841421 7
1623782408939 -66.05128176789648 8
1623782430454 -66.05128176789648 9
1623782451313 -17.469670068044074 10
1623782475605 -10.370558125639988 11
1623782500028 -10.370558125639988 12
1623782526759 -35.27264874123677 13
1623782557722 -54.9939063536375 14
1623782581883 -54.9939063536375 15
1623782607480 -1.716827734459244 16
1623782632565 -3.4842190734849794 17
1623782658506 -39.932988459515364 18
1623782687802 -50.22469959774651 19
1623782713539 -50.22469959774651 20
1623782737159 -68.0182544406965 21
1623782763550 -37.0252629016152 22
1623782790993 -37.0252629016152 23
1623782816368 -21.487494247907428 24
1623782842961 -3.4094244976528048 25
1623782869304 -9.145490516352762 26
1623782894647 -9.145490516352762 27
1623782918964 -48.95395976649329 28
1623782944083 -48.95395976649329 29
1623782970613 6.0748211028129475 30
1623782995585 6.0748211028129475 31
1623783023960 10.920144133730222 32
1623783055367 -18.62970021974262 33
1623783087575 27.18234510700006 34
1623783114873 27.18234510700006 35
1623783144486 -63.56649670910311 36
1623783172100 -57.453316086160044 37
1623783198485 -48.61475827420238 38
1623783230317 -21.088402035551958 39
1623783259639 -21.088402035551958 40
1623783289797 -2.16452153813335 41
1623783325478 47.781276938264476 42
1623783361219 93.91298051313689 43
1623783392084 93.91298051313689 44
1623783443690 30.27120124972305 45
1623783479709 30.27120124972305 46
1623783525593 12.47026101994754 47
1623783573955 64.9766389044984 48
1623783619504 63.05551701431299 49
1623783674020 96.80638464223632 50
1623783724685 53.200636357943246 51
1623783784193 99.1083058006587 52
1623783826494 96.60430535961275 53
1623783864233 29.83906416288778 54
1623783899965 40.67681394479877 55
1623783951206 40.67681394479877 56
1623783991179 11.114703135837463 57
1623784043373 1.6519580106191143 58
1623784077826 -10.791713670622789 59
1623784163556 77.08142925767 60
1623784200096 77.08142925767 61
1623784239588 -1.4708951050212136 62
1623784277052 -1.4708951050212136 63
1623784328562 -15.647510290570187 64
1623784378051 35.879520233031045 65
1623784443457 75.28010741113323 66
1623784474226 75.28010741113323 67
1623784507297 -33.60861454525424 68
1623784582587 66.29226535071248 69
1623784611227 66.29226535071248 70
1623784640839 -18.6109081300168 71
1623784675112 1.8251944840056182 72
1623784727001 1.8251944840056182 73
1623784798036 41.392028307955414 74
1623784840644 41.392028307955414 75
1623784873600 5.4886178791499844 76
1623784930370 14.989739622415133 77
1623784993379 75.68929665273886 78
1623785052230 75.68929665273886 79
1623785125654 21.729070840758226 80
1623785159611 21.729070840758226 81
1623785192150 -18.43474825701876 82
1623785237839 -4.536421195388675 83
1623785269644 6.959224982197045 84
1623785359310 22.882899556386803 85
1623785419384 23.717263480775127 86
1623785462626 23.717263480775127 87
1623785541686 60.683353902245074 88
1623785611849 26.09369302675794 89
1623785656014 17.183423467209103 90
1623785712697 86.26465344092878 91
1623785760448 91.0963739890165 92
1623785809399 91.0963739890165 93
1623785842255 45.3351222449438 94
1623785887406 125.85839232815472 95
1623785950812 96.37446323663717 96
1623785983925 59.017695564634344 97
1623786071979 49.953867487917364 98
1623786141905 45.411792208016216 99
1623786233504 126.79975414634058 100
1623786335630 124.9476974231447 101
1623786399318 96.341375489706 102
1623786489831 209.73902063634569 103
1623786602851 209.73902063634569 104
1623786677655 136.6167896308973 105
1623786737167 91.66754514008814 106
1623786840912 113.73548161992271 107
1623786929416 96.2959468559978 108
1623786992274 111.54321874170441 109
1623787073518 122.58949409186036 110
1623787152362 122.58949409186036 111
1623787210442 114.6056482683027 112
1623787258978 106.27300456026987 113
1623787316287 27.000204284021823 114
1623787397575 231.41175065309375 115
1623787457581 231.41175065309375 116
1623787510316 111.90219459497398 117
1623787566740 111.90219459497398 118
1623787627439 197.14128579261336 119
1623787684936 132.87123726655417 120
1623787728955 128.3565480370632 121
1623787790823 151.28527707239977 122
1623787830225 110.62957220176267 123
1623787872940 86.31730235071034 124
1623787910679 79.17484477941727 125
1623787969864 134.84200658631602 126
1623788050240 214.74735500552234 127
1623788098602 214.74735500552234 128
1623788171681 197.14758340921904 129
1623788214137 197.14758340921904 130
1623788250246 16.024560424531295 131
1623788297558 4.8275245699460925 132
1623788342208 65.58018336595481 133
1623788405218 113.37336972991034 134
1623788463975 113.37336972991034 135
1623788514271 50.46214897137035 136
1623788560854 73.39143029831929 137
1623788603544 73.39143029831929 138
1623788643189 32.523713945146824 139
1623788694516 56.72163251732793 140
1623788767948 113.94628236450785 141
1623788840319 125.22541326836797 142
1623788875278 125.22541326836797 143
1623788927134 72.50391413319073 144
1623788990677 124.15439333980055 145
1623789082722 205.25344899302894 146
1623789157296 205.25344899302894 147
1623789221998 119.58697472204184 148
1623789277818 162.49918823832505 149
1623789310675 162.49918823832505 150
1623789371730 167.83249370756135 151
1623789435698 142.24198406089724 152
1623789488501 102.52684519380895 153
1623789538270 51.6951471315467 154
1623789587402 51.6951471315467 155
1623789648841 128.52619801872152 156
1623789722614 130.20016221161524 157
1623789804731 258.7865684730542 158
1623789859240 258.7865684730542 159
1623789924660 99.25281478635236 160
1623789989118 205.58067936686706 161
1623790063274 205.58067936686706 162
1623790118897 178.4772841066349 163
1623790181462 194.97304225403315 164
1623790245904 174.47428928618586 165
1623790297698 108.48126707539377 166
1623790352034 85.37321852584319 167
1623790399817 133.31650175513792 168
1623790464660 156.8905172025738 169
1623790525840 173.00626314582854 170
1623790573239 173.00626314582854 171
1623790655393 203.92485599858642 172
1623790722723 203.92485599858642 173
1623790791447 142.1314548634693 174
1623790867248 203.25787728765124 175
1623790932285 203.25787728765124 176
1623790988933 213.45726888035088 177
1623791048648 213.45726888035088 178
1623791122577 216.33907984589368 179
1623791179705 216.33907984589368 180
1623791234848 156.58981867944857 181
1623791294108 171.0303404000834 182
1623791384239 236.48047499994854 183
1623791432560 236.48047499994854 184
1623791503865 171.05843695121288 185
1623791594817 205.94549142195947 186
1623791676562 205.94549142195947 187
1623791744069 203.5321856495746 188
1623791837688 257.67017708036644 189
1623791912825 257.67017708036644 190
1623791989235 258.6465767529329 191
1623792078035 231.86033145565744 192
1623792157362 231.86033145565744 193
1623792257673 272.76273430114986 194
1623792331048 272.76273430114986 195
1623792419026 209.12313493402036 196
1623792535307 250.37956949680378 197
1623792635676 238.8027017395819 198
1623792728385 238.8027017395819 199
1623792822051 172.53876790558576 200
1623792900792 196.64832625294363 201
1623793004483 263.3876452849457 202
1623793092383 265.8443375436475 203
1623793188843 265.8443375436475 204
1623793261711 200.99234194339496 205
1623793328740 225.62728662902845 206
1623793400088 219.70559751316924 207
1623793480189 214.0132742417587 208
1623793569065 199.5656345438161 209
1623793645208 202.282568023012 210
1623793733281 215.51830442767368 211
1623793814728 261.8600183658253 212
1623793908881 260.10045923114785 213
1623793989888 216.85546989804092 214
1623794070063 249.79418920967873 215
1623794148991 244.87658658901765 216
1623794238540 244.87658658901765 217
1623794331060 209.31433969671306 218
1623794411448 206.91548212378285 219
1623794504817 229.75461584305066 220
1623794601941 264.7166792767208 221
1623794680341 229.5151338237741 222
1623794770557 208.30823474672093 223
1623794865518 228.02139991531777 224
1623794944520 213.8917074284107 225
1623795025391 227.73991122838447 226
1623795117876 264.31513267739683 227
1623795177214 264.31513267739683 228
1623795288912 211.66606628221354 229
1623795384153 264.2478170819774 230
1623795460623 264.2478170819774 231
1623795534703 244.48905659954545 232
1623795625079 223.01770300585636 233
1623795725232 254.53230543585286 234
1623795805205 250.96104649532535 235
1623795878497 211.14137983790866 236
1623795972751 264.9367027776569 237
1623796050040 263.56739833391447 238
1623796145353 224.482349606613 239
1623796224720 224.482349606613 240
1623796297807 188.24471622196359 241
1623796388882 202.42718345988152 242
1623796475451 213.06948475775107 243
1623796576052 252.78330683679738 244
1623796663965 252.41381704563952 245
1623796775117 208.67762989523771 246
1623796877591 250.13625738874435 247
1623796979982 250.13625738874435 248
1623797069585 217.2205779562898 249
1623797169582 260.3923968685821 250
1623797312889 250.67628259482908 251
1623797393953 258.82142151355026 252
1623797516658 258.82142151355026 253
1623797660280 272.6169924550053 254
1623797817929 264.1466365066634 255
1623797905000 248.8519657208946 256
1623798020668 223.92198832464842 257
1623798148760 223.92198832464842 258
1623798269257 258.00315717303323 259
1623798435150 260.54085653142994 260
1623798582495 263.0635119553163 261
1623798687431 270.19868787154655 262
1623798814381 279.8047907053785 263
1623798950066 269.06603657629284 264
1623799099380 275.3477827033559 265
1623799235700 267.5073805692268 266
1623799396455 272.2824801654991 267
1623799540753 290.6509555444259 268
1623799687069 248.44508069831318 269
1623799843977 264.57811976301866 270
1623800002085 264.57811976301866 271
1623800191403 269.83840969762934 272
1623800346566 275.63615475794717 273
1623800507475 279.7107388898603 274
1623800693488 279.7107388898603 275
1623800885817 267.4286588888928 276
