1623782198963 -1353.73337986266 0
1623782239772 -526.5096718967668 1
1623782270561 -110.77345520057497 2
1623782294294 -137.57941921415633 3
1623782316659 -142.45499560331888 4
1623782340743 -159.07693577761358 5
1623782362304 -153.1734494207571 6
1623782385854 -136.70035322646027 7
1623782408900 -141.63317823993935 8
1623782430410 -145.02383210306547 9
1623782451273 -137.5737773962375 10
1623782475562 -108.8702526551119 11
1623782499988 -128.76093852174168 12
1623782526716 -137.84266088053974 13
1623782557676 -106.19379374388237 14
1623782581843 -156.44307346757444 15
1623782607442 -127.89635004187332 16
1623782632526 -124.24133819066655 17
1623782658466 -118.12649568094943 18
1623782687762 -104.82671320744494 19
1623782713500 -120.37286064273749 20
1623782737119 -131.46606196976114 21
1623782763509 -106.96757015830869 22
1623782790953 -84.99841766673444 23
1623782816329 -124.32055896955144 24
1623782842918 -86.8514548058218 25
1623782869264 -104.95968607175908 26
1623782894605 -84.39385629669388 27
1623782918924 -113.33003177960916 28
1623782944030 -92.23063752132896 29
1623782970574 -53.841405615104556 30
1623782995545 -70.43587999882479 31
1623783023920 -122.78065374674827 32
1623783055328 -136.0956536330114 33
1623783087535 -94.6816990894163 34
1623783114833 -124.01461403741175 35
1623783144447 -98.73304634536028 36
1623783172061 -120.85045654982896 37
1623783198445 -98.4487471299256 38
1623783230278 -66.67294925808001 39
1623783259599 -166.14495517265837 40
1623783289758 -116.3935111088264 41
1623783325436 -70.4297439726491 42
1623783361176 -29.75910497915134 43
1623783392043 -103.73703278897555 44
1623783443651 -54.33619037774025 45
1623783479669 -122.57233002498553 46
1623783525554 -88.41657091063612 47
1623783573916 -49.926951454004296 48
1623783619461 -65.23796420623732 49
1623783673980 -50.610385069265305 50
1623783724646 -37.30159011945401 51
1623783784152 -43.54642265409081 52
1623783826453 -47.46705580420262 53
1623783864191 -130.6963475829457 54
1623783899924 -103.63191736652342 55
1623783951159 -58.77680411454172 56
1623783991140 -97.78510350203487 57
1623784043326 -69.54594114133654 58
1623784077788 -107.34380886999176 59
1623784163512 -77.38377946989219 60
1623784200030 -154.47854820193083 61
1623784239522 -86.57285065403632 62
1623784277012 -155.03190650767766 63
1623784328517 -102.63432327986928 64
1623784378011 -59.30181758623469 65
1623784443418 -41.3010336065286 66
1623784474187 -123.79786539020373 67
1623784507252 -97.73114592619429 68
1623784582549 -37.18960086908267 69
1623784611184 -97.53903254371929 70
1623784640795 -126.75182773754746 71
1623784675075 -99.28136105287287 72
1623784726959 -75.32040428566495 73
1623784797998 -33.982099556653814 74
1623784840604 -80.49047552166608 75
1623784873559 -86.83971883344778 76
1623784930330 -71.40373948974865 77
1623784993341 -49.45620107993289 78
1623785052192 -32.473072677611896 79
1623785125615 -58.51386809711655 80
1623785159573 -76.30695968288168 81
1623785192110 -110.57891183599156 82
1623785237797 -65.12719753782865 83
1623785269602 -108.10509041374755 84
1623785359269 -81.63160549549323 85
1623785419343 -88.11688198637869 86
1623785462587 -88.96255690245222 87
1623785541641 -61.993736638842265 88
1623785611810 -74.02477432418762 89
1623785655972 -70.20311525221352 90
1623785712657 -32.36630041385164 91
1623785760408 -79.30506345997969 92
1623785809354 -83.11632941993187 93
1623785842215 -109.59769720482764 94
1623785887366 -80.54539654811836 95
1623785950773 -31.234269612769527 96
1623785983884 -95.20111926753475 97
1623786071939 -73.80102337161168 98
1623786141861 -63.63374247415684 99
1623786233463 -33.262377361420604 100
1623786335590 -21.17000613648681 101
1623786399273 -30.962505397984152 102
1623786489790 14.82568631053221 103
1623786602763 -19.28902537350782 104
1623786677609 -6.705776546622019 105
1623786737122 -52.73940254663162 106
1623786840866 2.958418400420308 107
1623786929376 -26.163790391534445 108
1623786992233 7.21811123909103 109
1623787073474 30.745405393747735 110
1623787152321 -29.87880776771209 111
1623787210401 8.5369105115341 112
1623787258933 -102.81126803273507 113
1623787316245 -71.64934222742284 114
1623787397525 0.22417293899337665 115
1623787457535 -36.5141956402593 116
1623787510257 -40.66222052899498 117
1623787566697 -98.07124492446269 118
1623787627395 -7.551508018754362 119
1623787684889 5.580486181795527 120
1623787728912 -125.91787260700002 121
1623787790783 -52.292176638586156 122
1623787830180 -88.12300997228948 123
1623787872896 -60.079647376690744 124
1623787910640 -74.80811508279315 125
1623787969819 -10.904726918723838 126
1623788050195 57.18612587232805 127
1623788098560 -101.38362772191365 128
1623788171637 -52.36401700733965 129
1623788214095 -71.370994141849 130
1623788250204 -70.52890078103094 131
1623788297517 -111.93060961910562 132
1623788342165 -63.39566661276233 133
1623788405175 -12.584844949565234 134
1623788463933 -78.59656341559285 135
1623788514227 -55.879682368685415 136
1623788560812 12.672986865753481 137
1623788603497 -39.94262243928839 138
1623788643146 -124.05376790761838 139
1623788694473 -80.522412112053 140
1623788767902 -74.08197727844421 141
1623788840274 -23.39933256765739 142
1623788875235 -135.05485802164003 143
1623788927088 -105.49417041694464 144
1623788990634 -19.256601006409532 145
1623789082681 -0.4444564535443135 146
1623789157251 -40.587035373710265 147
1623789221955 -56.78131480375114 148
1623789277776 24.049863256004386 149
1623789310631 -84.63929861471594 150
1623789371684 -34.43057092258731 151
1623789435657 -65.12306999432766 152
1623789488459 -36.72082423877655 153
1623789538228 -55.168787181218306 154
1623789587361 -70.00377220998391 155
1623789648799 -43.30886056902084 156
1623789722570 -11.601507119062026 157
1623789804686 59.90022256963964 158
1623789859194 -49.69096274642281 159
1623789924616 -18.84533698665677 160
1623789989073 7.11915596939553 161
1623790063226 27.760492158792573 162
1623790118854 -93.50267525992567 163
1623790181416 -25.909862345034714 164
1623790245860 -34.849697149221164 165
1623790297654 -85.90526185085591 166
1623790351991 -19.14546452466318 167
1623790399774 -73.94008325046491 168
1623790464612 -37.84377971937617 169
1623790525794 -27.083425479229458 170
1623790573193 -78.6034540081592 171
1623790655347 31.209237933005703 172
1623790722678 -50.721075782103924 173
1623790791405 -15.135536169573971 174
1623790867203 0.4255737725240806 175
1623790932239 -13.231694289885056 176
1623790988888 8.184211123191975 177
1623791048606 -5.3739661366116565 178
1623791122532 30.871983626458125 179
1623791179663 -12.553361439412388 180
1623791234802 -7.05095240191867 181
1623791294065 5.187071595018762 182
1623791384195 4.87411627116172 183
1623791432516 -20.022134683097217 184
1623791503819 10.202826059712056 185
1623791594773 45.494060724518555 186
1623791676521 0.641620948084136 187
1623791744028 10.842689557491445 188
1623791836799 37.77154546096263 189
1623791912782 22.15330603089221 190
1623791989193 63.90584733426938 191
1623792077989 101.3975218716553 192
1623792157318 -20.807931258935216 193
1623792257630 5.04799909999795 194
1623792331007 -34.32868942584444 195
1623792418985 -3.9488780023839896 196
1623792535263 64.43194102173837 197
1623792635631 10.596601214796404 198
1623792728338 25.043149407945382 199
1623792822008 -39.323115323811386 200
1623792900749 28.369231481067573 201
1623793004440 69.78907847409641 202
1623793092340 22.351723100951567 203
1623793188798 63.4921109490153 204
1623793261669 -50.06718861603122 205
1623793328695 31.667721765028666 206
1623793400044 46.09324566616101 207
1623793480147 8.379885682842362 208
1623793569020 14.10574300832622 209
1623793645166 -11.343475912553812 210
1623793733238 27.743468375391508 211
1623793814677 22.167201350278095 212
1623793908837 82.99753083507235 213
1623793989844 33.95777564331321 214
1623794070020 -39.06721317356512 215
1623794148945 11.964369666110397 216
1623794238491 -16.702015762214586 217
1623794331011 -8.29445985678407 218
1623794411405 43.14211454908289 219
1623794504773 54.479046657614035 220
1623794601896 28.342822742531933 221
1623794680297 -25.062742725686114 222
1623794770502 17.771037510662204 223
1623794865474 30.00851933484812 224
1623794944470 5.2615877906672495 225
1623795025343 -16.706615956063583 226
1623795117817 50.09055566905308 227
1623795177162 -23.672152141453633 228
1623795288866 8.714201556581951 229
1623795384104 7.160465352154546 230
1623795460578 10.62775571368984 231
1623795534655 3.594539715959209 232
1623795625027 14.188817352251979 233
1623795725188 62.59260896955667 234
1623795805158 51.49811606933715 235
1623795878450 7.252225410144786 236
1623795972701 44.383708150470795 237
1623796049995 6.24493825197477 238
1623796145303 2.71564254033116 239
1623796224671 0.7820551133564095 240
1623796297760 -1.6642398993651426 241
1623796388801 4.469015524335077 242
1623796475401 38.22728501072729 243
1623796576004 113.91921493963119 244
1623796663916 -43.726551439476985 245
1623796775071 -3.219138442800522 246
1623796877542 66.16956888620713 247
1623796979933 51.45651664181365 248
1623797069530 3.656971454178182 249
1623797169536 35.03296194414635 250
1623797312841 64.88059380130568 251
1623797393903 45.49607785297843 252
1623797516611 71.79198561665922 253
1623797660232 88.95911091318257 254
1623797817874 74.68625509182068 255
1623797904953 58.46308229466134 256
1623798020609 7.957656277687386 257
1623798148714 60.70178232601161 258
1623798269196 54.25891600958678 259
1623798435106 89.29549403012423 260
1623798582447 95.35785612043247 261
1623798687376 90.52568348080368 262
1623798814336 87.93247007778913 263
1623798950016 64.21096615571767 264
1623799099333 136.25914783576602 265
1623799235651 88.80076266027065 266
1623799396408 138.84032217327575 267
1623799540706 74.01561039259647 268
1623799687021 115.53764845393212 269
1623799843920 124.44112994076018 270
1623800002038 52.88033915308832 271
1623800191359 151.66554556613792 272
1623800346522 89.90295768128043 273
1623800507429 101.36305297207245 274
1623800693193 95.38687617221076 275
1623800879729 189.71559527350556 276
