1623702521623 -60000689 0
1623702530646 -552 1
1623702537603 -432 2
1623702543951 -368 3
1623702550214 -243 4
1623702555686 -214 5
1623702561653 -173 6
1623702567988 -218 7
1623702573599 -186 8
1623702579305 -156 9
1623702584381 -220 10
1623702589885 -146 11
1623702595061 -171 12
1623702600945 -188 13
1623702606954 -128 14
1623702612384 -212 15
1623702617512 -167 16
1623702625014 -140 17
1623702630013 -185 18
1623702634697 -140 19
1623702639245 -128 20
1623702644582 -148 21
1623702651063 -161 22
1623702657735 -194 23
1623702663888 -144 24
1623702670689 -151 25
1623702678514 -209 26
1623702684993 -195 27
1623702690343 -241 28
1623702695599 -219 29
1623702701929 -219 30
1623702707259 -219 31
1623702713710 -232 32
1623702719716 -169 33
1623702726785 -186 34
1623702732341 -202 35
1623702738409 -186 36
1623702745424 -163 37
1623702752534 -190 38
1623702757747 -195 39
1623702764564 -167 40
1623702778167 -303 41
1623702785401 -165 42
1623702792778 -160 43
1623702803163 -161 44
1623702811679 -297 45
1623702819322 -239 46
1623702828165 -269 47
1623702834517 -230 48
1623702840707 -169 49
1623702845933 -146 50
1623702852337 -199 51
1623702858000 -113 52
1623702863965 -200 53
1623702871243 -199 54
1623702876607 -129 55
1623702882257 -176 56
1623702891592 -206 57
1623702897810 -194 58
1623702905529 -250 59
1623702912118 -214 60
1623702920564 -253 61
1623702926853 -172 62
1623702934442 -223 63
1623702940185 -190 64
1623702946050 -175 65
1623702952096 -144 66
1623702960630 -179 67
1623702965759 -114 68
1623702971755 -152 69
1623702977394 -221 70
1623702983502 -160 71
1623702988551 -197 72
1623702994484 -166 73
1623703000638 -138 74
1623703006214 -218 75
1623703012235 -176 76
1623703018533 -207 77
1623703024598 -262 78
1623703029706 -128 79
1623703035891 -186 80
1623703041780 -201 81
1623703050052 -260 82
1623703059809 -234 83
1623703066555 -240 84
1623703074115 -285 85
1623703081171 -311 86
1623703087925 -225 87
1623703094297 -193 88
1623703101471 -206 89
1623703111243 -207 90
1623703116935 -217 91
1623703123662 -218 92
1623703130734 -250 93
1623703136655 -198 94
1623703141954 -151 95
1623703151739 -252 96
1623703157984 -235 97
1623703165025 -253 98
1623703171105 -173 99
1623703176816 -172 100
1623703182072 -145 101
1623703187490 -145 102
1623703195121 -211 103
1623703200160 -200 104
1623703207067 -229 105
1623703213289 -154 106
1623703222257 -311 107
1623703229206 -153 108
1623703234725 -212 109
1623703241902 -186 110
1623703248280 -143 111
1623703252976 -184 112
1623703258911 -204 113
