1623702521654 -107.50534228073754 0
1623702530666 -107.50534228073754 1
1623702537625 -107.50534228073754 2
1623702543970 -107.50534228073754 3
1623702550234 -94.40765381638153 4
1623702555715 -94.40765381638153 5
1623702561673 -94.40765381638153 6
1623702568008 -94.40765381638153 7
1623702573618 -94.40765381638153 8
1623702579325 -43.95558875683262 9
1623702584402 -43.95558875683262 10
1623702589904 -43.95558875683262 11
1623702595081 -43.95558875683262 12
1623702600965 -43.95558875683262 13
1623702606976 -43.95558875683262 14
1623702612405 -43.95558875683262 15
1623702617533 -43.95558875683262 16
1623702625033 -43.95558875683262 17
1623702630033 -43.95558875683262 18
1623702634717 -43.95558875683262 19
1623702639266 -43.95558875683262 20
1623702644603 -43.95558875683262 21
1623702651083 -43.95558875683262 22
1623702657757 -43.95558875683262 23
1623702663909 -43.95558875683262 24
1623702670713 -43.95558875683262 25
1623702678534 0.9288828588532283 26
1623702685020 0.9288828588532283 27
1623702690362 0.9288828588532283 28
1623702695623 0.9288828588532283 29
1623702701950 0.9288828588532283 30
1623702707281 0.9288828588532283 31
1623702713736 0.9288828588532283 32
1623702719742 17.795423639017553 33
1623702726806 17.795423639017553 34
1623702732363 17.795423639017553 35
1623702738432 17.795423639017553 36
1623702745446 17.795423639017553 37
1623702752556 17.795423639017553 38
1623702757771 17.795423639017553 39
1623702764587 17.795423639017553 40
1623702778191 17.795423639017553 41
1623702785424 17.795423639017553 42
1623702792798 17.795423639017553 43
1623702803184 17.795423639017553 44
1623702811701 17.795423639017553 45
1623702819344 17.795423639017553 46
1623702828184 18.119281991143136 47
1623702834538 18.119281991143136 48
1623702840727 18.119281991143136 49
1623702845956 18.119281991143136 50
1623702852360 18.119281991143136 51
1623702858021 18.119281991143136 52
1623702863986 18.119281991143136 53
1623702871269 18.119281991143136 54
1623702876629 18.119281991143136 55
1623702882277 18.119281991143136 56
1623702891614 18.119281991143136 57
1623702897833 18.119281991143136 58
1623702905550 18.119281991143136 59
1623702912138 18.119281991143136 60
1623702920585 18.119281991143136 61
1623702926873 18.119281991143136 62
1623702934463 18.119281991143136 63
1623702940206 18.119281991143136 64
1623702946069 18.119281991143136 65
1623702952118 18.119281991143136 66
1623702960658 18.119281991143136 67
1623702965779 18.119281991143136 68
1623702971775 18.119281991143136 69
1623702977415 18.119281991143136 70
1623702983524 18.119281991143136 71
1623702988574 18.119281991143136 72
1623702994507 18.119281991143136 73
1623703000659 18.119281991143136 74
1623703006233 18.119281991143136 75
1623703012260 18.119281991143136 76
1623703018555 18.119281991143136 77
1623703024619 18.119281991143136 78
1623703029727 19.329933084454535 79
1623703035912 19.329933084454535 80
1623703041800 19.329933084454535 81
1623703050073 19.329933084454535 82
1623703059830 19.329933084454535 83
1623703066575 19.329933084454535 84
1623703074135 19.329933084454535 85
1623703081191 19.329933084454535 86
1623703087947 19.329933084454535 87
1623703094319 19.329933084454535 88
1623703101493 19.329933084454535 89
1623703111269 19.329933084454535 90
1623703116957 19.329933084454535 91
1623703123683 19.329933084454535 92
1623703130755 19.329933084454535 93
1623703136675 19.329933084454535 94
1623703141976 19.329933084454535 95
1623703151760 19.329933084454535 96
1623703158006 19.329933084454535 97
1623703165045 19.329933084454535 98
1623703171125 19.329933084454535 99
1623703176838 19.329933084454535 100
1623703182096 19.329933084454535 101
1623703187513 19.329933084454535 102
1623703195144 19.329933084454535 103
1623703200185 19.329933084454535 104
1623703207089 19.329933084454535 105
1623703213310 19.329933084454535 106
1623703222281 19.329933084454535 107
1623703229227 19.329933084454535 108
1623703234747 19.329933084454535 109
1623703241925 19.329933084454535 110
1623703248303 19.329933084454535 111
1623703253001 19.329933084454535 112
1623703258937 19.329933084454535 113
