1623702521595 -1000000000.0 0
1623702530625 -811.2344701934559 1
1623702537581 -601.7308641555773 2
1623702543930 -683.9796449977525 3
1623702550191 -591.5753125017014 4
1623702555665 -586.4181619707891 5
1623702561633 -566.449781658704 6
1623702567965 -837.1312045265599 7
1623702573578 -725.9396451474563 8
1623702579285 -455.54896116611866 9
1623702584361 -549.8701404312419 10
1623702589863 -256.97811886898677 11
1623702595041 -599.4294078293545 12
1623702600925 -918.483393509503 13
1623702606933 -564.4141208926637 14
1623702612358 -400.8649573853856 15
1623702617493 -575.4191387585909 16
1623702624996 -565.8119760255636 17
1623702629992 -661.1771867985573 18
1623702634676 -340.2323652602788 19
1623702639225 -257.87493761017714 20
1623702644562 -651.3208159163464 21
1623702651044 -700.7428553640335 22
1623702657716 -1140.6543398980514 23
1623702663867 -552.2860341697507 24
1623702670669 -795.2161494441228 25
1623702678493 -1957.2892159965934 26
1623702684972 -829.4956040403462 27
1623702690323 -567.6971191815485 28
1623702695578 -510.02903585602166 29
1623702701910 -649.1397944684658 30
1623702707235 -634.1831794195897 31
1623702713685 -716.4098990024394 32
1623702719691 -603.3663777205312 33
1623702726763 -613.1689738158728 34
1623702732318 -557.8037310945995 35
1623702738386 -549.0240799146524 36
1623702745403 -724.2773550758913 37
1623702752514 -714.0181403617371 38
1623702757727 -554.8024343437847 39
1623702764542 -612.7519223529895 40
1623702778146 -1922.3963174903638 41
1623702785378 -525.657211088494 42
1623702792756 -670.9984536773915 43
1623702803140 -577.5046778749937 44
1623702811657 -1148.6980836167154 45
1623702819301 -858.7691183146266 46
1623702828145 -745.0910471391848 47
1623702834497 -584.9566982562907 48
1623702840687 -610.0298661480973 49
1623702845912 -466.4803359370007 50
1623702852318 -708.3677357221751 51
1623702857978 -484.8179304827345 52
1623702863946 -583.935856268744 53
1623702871200 -543.8211463965425 54
1623702876586 -602.8437966461086 55
1623702882238 -594.8068118725137 56
1623702891570 -662.3617773523564 57
1623702897787 -629.7626276733075 58
1623702905506 -951.1518449510841 59
1623702912095 -549.2227948213575 60
1623702920542 -871.2579535927803 61
1623702926833 -600.0300911023846 62
1623702934421 -733.5601857158666 63
1623702940163 -590.1767669994649 64
1623702946027 -509.34302758662966 65
1623702952077 -498.75666639338243 66
1623702960605 -403.05221683428914 67
1623702965739 -478.2042085177048 68
1623702971734 -473.5112442443915 69
1623702977373 -551.4074576278961 70
1623702983481 -657.3793287207433 71
1623702988530 -443.1433469956298 72
1623702994461 -552.0840373237762 73
1623703000614 -593.4818171848809 74
1623703006194 -576.4402238661957 75
1623703012214 -570.5264450159511 76
1623703018509 -792.5527755001436 77
1623703024578 -573.4069986067259 78
1623703029682 -464.79323390435565 79
1623703035871 -659.2668648133075 80
1623703041758 -637.6985780970645 81
1623703050032 -937.5122843344998 82
1623703059787 -1082.4446286908462 83
1623703066532 -538.413478129221 84
1623703074096 -663.8603534168956 85
1623703081150 -715.829609059062 86
1623703087903 -707.5096107091418 87
1623703094275 -509.81103854004283 88
1623703101448 -552.3362021196845 89
1623703111221 -760.0456957603337 90
1623703116914 -540.5189083359554 91
1623703123642 -707.8781615147478 92
1623703130714 -815.4472358013267 93
1623703136634 -579.1011269250413 94
1623703141932 -495.5602732240539 95
1623703151716 -1187.1068358098682 96
1623703157960 -705.0957516673592 97
1623703165004 -904.8752867670801 98
1623703171082 -498.66725939654026 99
1623703176792 -603.6955254372527 100
1623703182052 -506.61800077747756 101
1623703187466 -447.74180628414615 102
1623703195100 -742.9344602835645 103
1623703200139 -549.9670016893369 104
1623703207044 -760.4708429465878 105
1623703213269 -769.1658155784748 106
1623703222237 -1221.1847505384706 107
1623703229186 -852.2167573875614 108
1623703234704 -631.7840124757544 109
1623703241881 -1009.0526401124843 110
1623703248258 -595.8065212653527 111
1623703252956 -457.3866511655885 112
1623703258891 -683.8379760381922 113
