1623840960773 -636.761361280402 0
1623840988516 -381.5948771618853 1
1623841013986 -426.2541576494495 2
1623841034208 -352.3287069882085 3
1623841054011 -225.39375608818023 4
1623841071012 -132.31443327860848 5
1623841086911 -158.45820196975654 6
1623841102669 -156.71771873006605 7
1623841118811 -133.32250297906782 8
1623841135697 -148.28533395682607 9
1623841151949 -163.84444424910217 10
1623841167859 -136.90694020405772 11
1623841184522 -168.08348820444368 12
1623841199179 -149.35888350304387 13
1623841215338 -157.34619068437678 14
1623841231585 -145.48390492301155 15
1623841250613 -95.29675101184665 16
1623841267828 -120.7727611604603 17
1623841283364 -174.34583941561513 18
1623841300607 -179.1580228146547 19
1623841317584 -179.52563970423662 20
1623841334069 -143.45425675814695 21
1623841350916 -106.0708225569385 22
1623841368508 -160.8475867049621 23
1623841383987 -139.21962524281696 24
1623841399827 -105.63657046705949 25
1623841415017 -127.28745334203963 26
1623841430758 -80.9685145228862 27
1623841447878 -136.2728645387396 28
1623841463008 -141.11900306691336 29
1623841479928 -120.30297111390941 30
1623841495582 -131.6977483104881 31
1623841513162 -165.55692569827 32
1623841529823 -122.33093596379761 33
1623841547148 -107.10132169282198 34
1623841562402 -143.91282719649848 35
1623841578336 -154.20634099401042 36
1623841593069 -150.86140889893687 37
1623841609764 -128.56955966795408 38
1623841626616 -149.67821203013256 39
1623841641233 -128.25695955504253 40
1623841657880 -156.12710258824384 41
1623841674346 -156.09701521680995 42
1623841690789 -160.71130755064348 43
1623841706279 -148.3952064108429 44
1623841721680 -104.71454040955061 45
1623841741301 -164.37019987897804 46
1623841757731 -139.07375369252563 47
1623841773927 -169.79225414748097 48
1623841788439 -156.53734072814103 49
1623841804204 -161.61185582040216 50
1623841820150 -145.97575487380863 51
1623841835037 -148.16948116732277 52
1623841851135 -152.8301205348782 53
1623841864856 -106.66912260862371 54
1623841881423 -152.16516303812097 55
1623841894989 -137.69013917084317 56
1623841909030 -125.77732474401863 57
1623841923941 -123.1674351095718 58
1623841939762 -154.85919121813083 59
1623841955956 -99.27273758677971 60
1623841971883 -112.04382090742327 61
1623841987812 -120.63759407508464 62
1623842003141 -159.57069870376574 63
1623842018759 -153.3428833945216 64
1623842033520 -142.2526770677867 65
1623842050562 -151.93063103043306 66
1623842068246 -193.82861827037974 67
1623842082907 -134.41579801173933 68
1623842100368 -141.23335883227526 69
1623842115696 -143.79862610990907 70
1623842132057 -143.36873436575445 71
1623842148483 -129.99075865630718 72
1623842163433 -120.65449524961997 73
1623842180578 -167.80060676569028 74
1623842195391 -140.12357394034453 75
1623842210392 -146.29491076017806 76
1623842225621 -143.83421503759698 77
1623842240191 -119.84159838181529 78
1623842256286 -153.87706793595336 79
1623842271838 -122.97685280273456 80
1623842286465 -135.35681603745434 81
1623842302419 -156.70033946127867 82
1623842318935 -177.02937214538423 83
1623842333986 -127.71261844335284 84
1623842351425 -172.65165937451823 85
1623842368181 -138.18855015224966 86
1623842383630 -130.46456897042398 87
1623842400107 -122.21786287885261 88
1623842415434 -128.8183110549996 89
1623842429972 -127.74335882212992 90
1623842447106 -87.81924228494147 91
1623842462962 -151.97562822336153 92
1623842477830 -123.50321476849219 93
1623842494155 -135.30992530800665 94
1623842508774 -143.912853001182 95
1623842525497 -178.06395970352537 96
1623842540438 -136.43229949395828 97
1623842555057 -136.2641366045162 98
1623842572863 -168.0973559608982 99
1623842587191 -134.34247903747863 100
1623842604833 -126.4559906897467 101
1623842621334 -125.01094318682264 102
1623842639226 -139.01890161669328 103
1623842654423 -153.8058300312678 104
1623842671183 -113.40610266424325 105
1623842688399 -149.18248064515205 106
1623842706778 -159.1020170213121 107
1623842721833 -158.612113268069 108
1623842738370 -130.42422958163385 109
1623842753857 -127.8019018237888 110
1623842768453 -117.09444356350572 111
1623842785258 -135.44760966121655 112
1623842801343 -148.82251337647244 113
1623842817363 -133.2628357612573 114
1623842837201 -142.25130984785875 115
1623842854933 -144.69198995312473 116
1623842871139 -131.30342367799867 117
1623842885197 -130.8883483334392 118
1623842902323 -141.93834305383572 119
1623842917970 -143.02040130949615 120
1623842934980 -136.39878584883948 121
1623842950898 -127.49474369710124 122
1623842967126 -129.22652674502845 123
1623842985674 -99.59455257478126 124
1623843003274 -133.0915583147444 125
1623843019793 -146.23124446527052 126
1623843038584 -127.26873168025614 127
1623843053326 -98.2040913556994 128
1623843069825 -120.28598844238927 129
1623843087609 -132.0925373873967 130
1623843106257 -134.67780320008578 131
1623843122119 -138.80319407597798 132
1623843138243 -130.51465238437316 133
1623843153605 -140.38395399700948 134
1623843169601 -123.08228212451145 135
1623843186862 -132.6994291274104 136
1623843204107 -133.32423271359144 137
1623843222802 -130.6810318297817 138
1623843240414 -127.11078289936131 139
1623843256822 -128.98367198697233 140
1623843276662 -138.49234703244593 141
1623843296113 -180.6921227215507 142
1623843315284 -137.91424207305508 143
1623843333604 -113.77991940991693 144
1623843352213 -125.2420609436917 145
1623843372378 -138.78492011980742 146
1623843391369 -117.54804624938997 147
1623843413666 -134.05337689758989 148
1623843434715 -143.8344401299773 149
1623843454674 -167.74566767178766 150
1623843475997 -134.1947712949587 151
1623843495099 -141.0440616212489 152
1623843515654 -99.92966419630619 153
1623843536387 -124.69391473767487 154
1623843555909 -132.8762757101428 155
1623843574123 -112.73664212412433 156
1623843592426 -129.58068576390804 157
1623843612449 -204.03742985086828 158
1623843633440 -136.982184083052 159
1623843653870 -145.57599633307422 160
1623843673876 -95.94107970175016 161
1623843693844 -183.0045409164852 162
1623843711886 -125.3929537674568 163
1623843733331 -83.65815901354179 164
1623843755477 -152.00117962470836 165
1623843779578 -147.6553454881425 166
1623843802319 -112.60198585195596 167
1623843826601 -100.01208013000958 168
1623843849259 -133.7601596443203 169
1623843871017 -104.68297436202886 170
1623843895917 -62.387243246768094 171
1623843916717 -146.78552372307252 172
1623843942516 -110.25303111843155 173
1623843964785 -99.2461670755343 174
1623843987731 -108.85101088688562 175
1623844009357 -91.95813854226688 176
1623844029577 -73.2956519862403 177
1623844051645 -78.33069177398589 178
1623844072962 -103.9713807473625 179
1623844094994 -99.05446686425445 180
1623844115516 -126.89018474952083 181
1623844135013 -67.0867669627953 182
1623844157085 -88.83448751824756 183
1623844180433 -67.25100145494866 184
1623844203061 -104.15287636821931 185
1623844224091 -123.79291767010675 186
1623844255855 -64.73469249846204 187
1623844281229 -70.99841948174684 188
1623844311064 -48.95176080384334 189
1623844340177 -90.07056870479656 190
1623844367761 -76.30076694299005 191
1623844392993 -54.627070188430544 192
1623844419476 -69.78277526797822 193
1623844440363 -85.35251160539728 194
1623844465007 -126.80941724294445 195
1623844488083 -119.72763436829875 196
1623844510270 -81.1267137863404 197
1623844536801 -124.99826366813164 198
1623844563019 -155.83454017493005 199
1623844587420 -94.33991398976212 200
1623844610191 -152.77120421800976 201
1623844631489 -79.89950885160732 202
1623844657347 -89.46524026598976 203
1623844683526 -90.14551235052028 204
1623844710051 -103.34418048631474 205
1623844732745 -105.56451344677436 206
1623844757263 -108.98430595540424 207
1623844778674 -110.82286161148068 208
1623844801616 -82.1074047295532 209
1623844827648 -67.13499794626199 210
1623844852547 -54.97774957537951 211
1623844876766 -75.5858828263789 212
1623844899087 -139.37657209036502 213
1623844929694 -59.66335235204788 214
1623844958358 -96.79438800971094 215
1623844984001 -95.11922541748957 216
1623845009797 -99.199874055699 217
1623845035391 -96.4596420475075 218
1623845065682 -121.55660697199829 219
1623845100482 -92.47695917555674 220
1623845122344 -126.18450675568369 221
1623845147276 -82.26864714630118 222
1623845170931 -120.47862296912969 223
1623845195404 -130.16749793661106 224
1623845228842 -57.493619267263995 225
1623845255935 -43.732233235230275 226
1623845280719 -52.02061482490626 227
1623845312900 -57.534061075386724 228
1623845332583 -85.10491451235083 229
1623845362945 -59.3910685389274 230
1623845387772 -95.00443161623375 231
1623845414571 -115.13099180725027 232
1623845444495 -86.9558166608153 233
1623845466539 -94.67742743373887 234
1623845498747 -122.87021720549885 235
1623845520357 -74.24557628417735 236
1623845548144 -71.60026635078539 237
1623845574651 -66.13191993010099 238
1623845598729 -54.64442703665607 239
1623845625770 -68.5090796540969 240
1623845651804 -74.85284020275392 241
1623845678034 -49.73087398276841 242
1623845704429 -51.53099817776301 243
1623845728623 -65.96025416458386 244
1623845755591 -50.71524305708435 245
1623845776810 -111.72443734138461 246
1623845800057 -92.77494887738435 247
1623845821203 -140.02741601706612 248
1623845839434 -89.12716710715539 249
1623845868483 -60.06565246010873 250
1623845891166 -66.25105578231448 251
1623845915341 -88.21189547821079 252
1623845941986 -64.92571258622021 253
1623845965243 -78.65811573160063 254
1623845987266 -58.85442705994972 255
1623846018307 -101.68892248246233 256
1623846041968 -82.81714205679596 257
1623846066476 -64.52024199837678 258
1623846094030 -73.598882409842 259
1623846121331 -111.72311338396754 260
1623846144435 -75.08427345534515 261
1623846167775 -65.16375719216731 262
1623846196021 -96.43990630496889 263
1623846224112 -39.31269192733249 264
1623846250498 -111.48788873324837 265
1623846274118 -98.47323755597701 266
1623846299795 -97.25191060372961 267
1623846327842 -82.64034069846552 268
1623846350577 -90.51207821515705 269
1623846375743 -141.54336211443052 270
1623846400339 -120.00931750279791 271
1623846426054 -133.06527443305953 272
1623846452430 -108.9749562727252 273
1623846475587 -103.78007937369588 274
1623846500774 -121.48399780117556 275
1623846525976 -112.84608027429664 276
1623846551934 -89.83558157715784 277
1623846579087 -113.60531229174923 278
1623846601778 -92.88992381030852 279
1623846621928 -65.1114295811897 280
1623846645880 -36.358377912128894 281
1623846668970 -91.5075264497782 282
1623846697524 -77.6708251447501 283
1623846720005 -154.6618491855959 284
1623846742182 -64.70497935538205 285
1623846766207 -113.913344098906 286
1623846793707 -72.26410011241502 287
1623846816831 -85.33922909971854 288
1623846839994 -102.49962042532694 289
1623846860771 -86.1283575126963 290
1623846882052 -114.38322300370199 291
1623846904734 -82.6174284724178 292
1623846928646 -39.190057150120076 293
1623846955265 -119.67525311564752 294
1623846982007 -95.62884698132795 295
1623847009045 -93.99464528139632 296
1623847041537 -69.35839350781174 297
1623847072892 -80.51255253426007 298
1623847100311 -86.63427845734319 299
1623847125479 -83.06137316557597 300
1623847149041 -103.82527115684252 301
1623847172435 -86.61666957930181 302
1623847197220 -93.0928108041533 303
1623847222655 -42.444340461332594 304
1623847255918 -71.82067114391674 305
1623847286155 -47.817498771659146 306
1623847316845 -73.99847564879478 307
1623847342238 -85.53452981589551 308
1623847371017 -118.36929360959947 309
1623847395411 -171.75248465389095 310
1623847421942 -77.21641756194269 311
1623847446850 -104.51969662841016 312
1623847469158 -82.14028622931924 313
1623847492298 -103.84868296691452 314
1623847516833 -125.13679453957367 315
1623847541784 -123.89881825393284 316
1623847562238 -95.25394243346383 317
1623847587394 -81.36504993922652 318
1623847611150 -55.01867786035461 319
1623847629760 -64.7209177094301 320
1623847652851 -115.8553325159697 321
1623847679619 -77.11113287982255 322
1623847705880 -88.91676123795507 323
1623847728813 -106.49218945755656 324
1623847755395 -147.93077003427356 325
1623847778287 -80.05197949368079 326
1623847807280 -55.16741547440304 327
1623847837134 -85.15545284820153 328
1623847862463 -119.76652871829435 329
1623847887336 -137.34917034997213 330
1623847912496 -54.728099784383524 331
1623847934956 -117.74487953991597 332
1623847962480 -75.63751342756838 333
1623847988481 -97.29932759509775 334
1623848014455 -75.0245150548683 335
1623848041491 -117.31841544106965 336
1623848067242 -54.37646348830922 337
1623848090915 -131.91403525998302 338
1623848113162 -106.75880961387284 339
1623848136981 -83.08459021685093 340
1623848159015 -101.48307400640721 341
1623848183054 -109.66431970195111 342
1623848204365 -116.48986858898459 343
1623848229955 -105.86992649167553 344
1623848254610 -99.78084532459997 345
1623848279716 -107.47281597589193 346
1623848306701 -113.5258654863554 347
1623848326625 -142.1979354523685 348
1623848351013 -145.9264522961935 349
1623848370335 -118.11358693868766 350
1623848392871 -94.02637510603662 351
1623848416303 -102.86033653637685 352
1623848440473 -79.2613588970824 353
1623848467007 -89.54197529057856 354
1623848491522 -99.1075241446688 355
1623848514726 -107.85730648654565 356
1623848537689 -109.94878744504557 357
1623848560781 -66.99117973877951 358
1623848584377 -127.43962768403019 359
1623848608666 -157.49389753287088 360
1623848631512 -137.62971047980048 361
1623848656922 -114.22764578748897 362
1623848687284 -120.70768065365843 363
1623848713897 -106.51723591918478 364
1623848746667 -105.93424083970304 365
1623848776976 -104.82270020403692 366
1623848800014 -101.79349939040254 367
1623848822915 -126.69930046735998 368
1623848847286 -135.0674297706938 369
1623848869260 -117.44199236325717 370
1623848890344 -105.14380571644188 371
1623848916795 -76.86846306972409 372
1623848944431 -79.16230576748218 373
1623848974234 -62.39822399652734 374
1623849000378 -84.0856786334731 375
1623849030518 -152.30029078354428 376
1623849054079 -62.897234880006636 377
1623849085354 -44.652307798451204 378
1623849111084 -92.66864311369024 379
1623849144788 -69.1955556304543 380
1623849175129 -125.78185985500464 381
1623849203235 -156.32369394497908 382
1623849232075 -117.21874907254298 383
1623849264166 -79.36627377531148 384
1623849290564 -139.6087136083036 385
1623849316447 -159.8670690878359 386
1623849342195 -92.72062250321991 387
1623849372385 -63.51307037870536 388
1623849400693 -118.10390752540405 389
1623849422986 -124.68331895758794 390
1623849450029 -68.59934837777313 391
1623849472748 -103.4065318290095 392
1623849499383 -87.954740246391 393
1623849533269 -77.76253882238593 394
1623849558226 -97.53178970010401 395
1623849578556 -55.59316570823103 396
1623849615956 -71.09707904448791 397
1623849648047 -89.30544350446617 398
1623849676129 -69.42176267707441 399
