1623840960792 -89.33310522529612 0
1623840988535 -41.21660064976862 1
1623841014004 -139.63842620927784 2
1623841034227 -109.51176584521731 3
1623841054030 -80.034317968221 4
1623841071031 -71.62626873687017 5
1623841086930 -127.42412086554664 6
1623841102688 -130.06766618817315 7
1623841118830 -79.0128908552545 8
1623841135717 -66.57922296519399 9
1623841151970 -101.67754158328968 10
1623841167879 -85.5375053632448 11
1623841184541 -124.73562475956764 12
1623841199198 -126.22642316346978 13
1623841215356 -101.76791240767841 14
1623841231604 -129.31841855754618 15
1623841250632 -89.89318040100632 16
1623841267848 -98.9668995048925 17
1623841283384 -139.7737109637397 18
1623841300627 -139.7693099489777 19
1623841317604 -131.20295963054303 20
1623841334089 -109.1614622647458 21
1623841350936 -99.64144950746507 22
1623841368528 -137.181837335867 23
1623841384007 -131.66118463531805 24
1623841399846 -94.16688771860183 25
1623841415036 -123.76455637424287 26
1623841430778 -70.77632934321412 27
1623841447898 -125.69341991489713 28
1623841463028 -110.87903583141619 29
1623841479947 -103.21677548584474 30
1623841495602 -119.63589852043927 31
1623841513182 -136.44990557401277 32
1623841529843 -105.70444927331758 33
1623841547167 -104.38991184154149 34
1623841562422 -137.0058284152537 35
1623841578356 -151.8753840776103 36
1623841593090 -144.68434006897058 37
1623841609783 -122.73556729772972 38
1623841626635 -139.52375578836134 39
1623841641253 -123.49917760866387 40
1623841657900 -149.96771963066288 41
1623841674368 -138.78690132231023 42
1623841690810 -123.79323215828677 43
1623841706298 -129.98481697953113 44
1623841721701 -101.26739429353673 45
1623841741321 -113.08122127280028 46
1623841757752 -130.5353766938708 47
1623841773948 -159.66164962472226 48
1623841788460 -138.89020884178973 49
1623841804225 -133.10992360681664 50
1623841820170 -126.21239892509382 51
1623841835058 -116.78531328964414 52
1623841851157 -123.71417466542577 53
1623841864876 -91.22215727612121 54
1623841881444 -141.59886750427628 55
1623841895009 -132.0508388798302 56
1623841909049 -122.23954559148865 57
1623841923962 -112.94315002490366 58
1623841939782 -142.9218628519978 59
1623841955976 -90.5794339828378 60
1623841971904 -111.11939221261687 61
1623841987831 -120.40186795164891 62
1623842003160 -153.65639406116185 63
1623842018779 -138.19772403083292 64
1623842033540 -89.40415666944136 65
1623842050583 -124.04372035477115 66
1623842068265 -149.32498354207434 67
1623842082927 -114.00117385050014 68
1623842100388 -119.10317475169317 69
1623842115716 -125.60293937669894 70
1623842132077 -138.17572213211417 71
1623842148503 -116.77725656383396 72
1623842163454 -110.18655239115814 73
1623842180598 -128.20548835415053 74
1623842195411 -126.43305325807822 75
1623842210412 -127.4610666270612 76
1623842225642 -139.8818456126748 77
1623842240212 -42.362183882978705 78
1623842256305 -127.8217267630436 79
1623842271858 -115.73103038208373 80
1623842286485 -115.32143607960893 81
1623842302439 -134.01247530502883 82
1623842318956 -162.0007743397778 83
1623842334006 -98.94447576211708 84
1623842351446 -130.13507243614868 85
1623842368203 -120.48705174031257 86
1623842383650 -123.59656953147496 87
1623842400128 -109.30109320327708 88
1623842415455 -117.23056849555844 89
1623842429992 -111.82865928594053 90
1623842447125 -83.97058729183391 91
1623842462983 -133.81180680685742 92
1623842477850 -104.11352283973547 93
1623842494176 -104.05985714896956 94
1623842508794 -122.84809648026854 95
1623842525517 -115.27104835122262 96
1623842540459 -101.55626416683494 97
1623842555077 -90.97671663079932 98
1623842572883 -116.20337910377593 99
1623842587212 -123.24155041359286 100
1623842604854 -78.9134211452868 101
1623842621355 -96.21897596887491 102
1623842639247 -80.37387735285333 103
1623842654443 -131.81553612297347 104
1623842671204 -76.88439199302022 105
1623842688421 -131.3621845234573 106
1623842706798 -104.14557644614831 107
1623842721854 -145.3205969108035 108
1623842738390 -106.10029653569799 109
1623842753878 -102.94685814860831 110
1623842768474 -73.51652544223734 111
1623842785280 -109.37169171483234 112
1623842801363 -111.5810513728371 113
1623842817384 -84.08543049978098 114
1623842837222 -104.084395692088 115
1623842854954 -125.07698158994056 116
1623842871162 -104.30934184886944 117
1623842885220 -125.24191518291168 118
1623842902344 -117.29999050154424 119
1623842917991 -98.09403370880352 120
1623842935001 -106.39564702540392 121
1623842950919 -102.12102860299557 122
1623842967148 -116.47406966431022 123
1623842985696 -61.12157334935826 124
1623843003295 -89.91808332991128 125
1623843019814 -95.39190732247152 126
1623843038604 -59.90236825684192 127
1623843053348 -62.018848940155536 128
1623843069847 -50.18180084836898 129
1623843087630 -73.53613489628916 130
1623843106278 -38.27082827554111 131
1623843122140 -80.13594098041895 132
1623843138264 -58.87457076232049 133
1623843153625 -68.46283655521005 134
1623843169622 -46.46948138532215 135
1623843186884 -73.66110002725767 136
1623843204128 -107.14935514040985 137
1623843222824 -61.4699815154431 138
1623843240435 -62.71457605207242 139
1623843256844 -75.28713708863378 140
1623843276683 -48.295048619847634 141
1623843296135 -91.94293796089133 142
1623843315304 -25.017339152800552 143
1623843333625 -61.335357885108486 144
1623843352233 -53.00196715285705 145
1623843372400 -85.26007287296684 146
1623843391390 -40.960917485322426 147
1623843413688 -69.72627906080496 148
1623843434736 -74.6949181637551 149
1623843454694 -99.60861591181329 150
1623843476019 -70.09819209241935 151
1623843495119 -84.54447077604775 152
1623843515675 4.119864233430272 153
1623843536409 -13.648632470739708 154
1623843555930 -81.89915565357794 155
1623843574145 -44.27931779234657 156
1623843592448 -63.1622040410879 157
1623843612471 -115.58402704576645 158
1623843633462 -43.92859290448691 159
1623843653892 -45.31469778008511 160
1623843673899 -42.35131423606754 161
1623843693865 -127.1535214364527 162
1623843711907 -59.15839310686471 163
1623843733353 -3.376585273000418 164
1623843755499 -72.88496750298494 165
1623843779600 -36.6232580233015 166
1623843802341 -64.00174805458593 167
1623843826622 -23.722790319141588 168
1623843849282 -22.080933821054348 169
1623843871039 -17.079032397379798 170
1623843895939 26.048140548914517 171
1623843916739 -86.9252972796659 172
1623843942537 -16.230871611756104 173
1623843964807 -19.753219138991433 174
1623843987752 21.060304362041325 175
1623844009379 27.65802267053736 176
1623844029599 -10.939123144220707 177
1623844051667 -40.85078165269515 178
1623844072984 -25.720740755851285 179
1623844095016 -17.32885301952468 180
1623844115536 -33.16429161409395 181
1623844135036 7.040793466338959 182
1623844157106 23.386288490571367 183
1623844180454 60.522724336848015 184
1623844203082 -41.48940767669601 185
1623844224112 -28.56464379078857 186
1623844255876 58.49857373970423 187
1623844281251 51.006322820808755 188
1623844311086 93.37624437291488 189
1623844340199 15.551912019329631 190
1623844367783 64.7277209771353 191
1623844393014 19.435710633262556 192
1623844419499 26.414752788824114 193
1623844440385 -8.603298892100344 194
1623844465030 -9.603961100726593 195
1623844488105 -37.10162844536465 196
1623844510293 -34.7470900711785 197
1623844536823 -31.497133875069018 198
1623844563040 -7.571986343631485 199
1623844587442 -41.79956042735107 200
1623844610213 -86.36934286744903 201
1623844631510 -14.801831021284874 202
1623844657369 20.88653373404765 203
1623844683548 5.143543769145589 204
1623844710073 -45.44217856909548 205
1623844732768 -11.134221375178072 206
1623844757285 -44.979696477912356 207
1623844778696 -30.217040773813277 208
1623844801638 -8.942609036295389 209
1623844827671 37.40882390248675 210
1623844852569 68.34387985755816 211
1623844876788 72.5469704806767 212
1623844899109 -58.46553468789684 213
1623844929718 78.2621728963906 214
1623844958381 3.4612890754894634 215
1623844984022 11.257675068236356 216
1623845009818 -32.03763904796272 217
1623845035414 46.456775170676295 218
1623845065704 -6.588597384071415 219
1623845100503 36.30621590522179 220
1623845122366 -75.80650631707161 221
1623845147298 56.20538042904367 222
1623845170954 -23.399002667559422 223
1623845195425 -24.35973869402742 224
1623845228864 56.0923473362486 225
1623845255957 88.05561336639877 226
1623845280741 24.402182599930633 227
1623845312922 60.55273810973934 228
1623845332605 36.94272188257777 229
1623845362967 70.17198414359855 230
1623845387794 63.85720059191807 231
1623845414593 28.213384450463412 232
1623845444517 38.71296898294007 233
1623845466561 -4.467296509701657 234
1623845498769 -3.8532089522184463 235
1623845520379 5.747184015772831 236
1623845548167 31.86198632397547 237
1623845574674 38.119708011140276 238
1623845598752 40.84081369950814 239
1623845625793 23.140365695516806 240
1623845651827 13.081707845608614 241
1623845678057 35.50845908930168 242
1623845704452 34.31268710787846 243
1623845728645 2.2695964831280206 244
1623845755614 15.309984679217308 245
1623845776832 -51.267711000562464 246
1623845800081 4.466637720051176 247
1623845821225 -81.79727546927617 248
1623845839457 -60.90385965862198 249
1623845868506 33.28201097979901 250
1623845891189 -6.995299928554817 251
1623845915364 -14.733906936269042 252
1623845942009 0.1956710198087535 253
1623845965266 -2.286658662938757 254
1623845987288 29.902276981003798 255
1623846018329 69.33456823391458 256
1623846041991 -29.74912218368428 257
1623846066499 8.676943582038277 258
1623846094052 30.04393745693567 259
1623846121354 -31.062297875249193 260
1623846144459 13.719881025387778 261
1623846167797 29.836208303238834 262
1623846196043 -11.86528781525676 263
1623846224136 70.73718275631978 264
1623846250521 1.2088813452362843 265
1623846274140 -19.09017408196431 266
1623846299818 -22.319055491882562 267
1623846327864 20.57785281750058 268
1623846350600 -12.303320352992916 269
1623846375765 -51.202273211704345 270
1623846400363 -8.650250724466769 271
1623846426077 -26.95469213053247 272
1623846452453 9.24532408772796 273
1623846475610 -13.055519098695783 274
1623846500797 40.47557260952287 275
1623846525998 20.088494678327866 276
1623846551957 -23.713884651489515 277
1623846579110 -7.861887603234587 278
1623846601801 -41.431066217693704 279
1623846621952 -20.994276373845732 280
1623846645903 47.617107414828425 281
1623846668994 -12.424430984441432 282
1623846697551 15.993187980054634 283
1623846720028 -95.04064716774181 284
1623846742205 4.443796421506579 285
1623846766230 -47.54156210565782 286
1623846793730 13.76534851789153 287
1623846816854 4.225892726507499 288
1623846840016 -5.788106373989581 289
1623846860793 -8.516542906082103 290
1623846882077 -39.75010071901431 291
1623846904757 7.776230926008606 292
1623846928670 46.4607454304537 293
1623846955288 -34.82155217000324 294
1623846982030 7.342780721286379 295
1623847009068 42.04343050503957 296
1623847041559 38.084687277724946 297
1623847072915 20.48050546977452 298
1623847100334 12.01587123000127 299
1623847125502 17.131159717350435 300
1623847149064 -7.745110876211629 301
1623847172457 -49.757216935415606 302
1623847197244 6.891327001672144 303
1623847222677 46.613950949744584 304
1623847255942 38.65787944064921 305
1623847286178 51.01067782105248 306
1623847316868 71.8044822580697 307
1623847342260 -8.416393369152445 308
1623847371039 -16.92238391501527 309
1623847395435 -23.37881293237155 310
1623847421966 0.48222796182227795 311
1623847446872 -6.168440040685718 312
1623847469181 -32.92813948310133 313
1623847492321 -18.512520501573952 314
1623847516856 -20.77730063034384 315
1623847541807 -9.831260431217364 316
1623847562260 -23.83279037149062 317
1623847587417 -16.416693413445323 318
1623847611172 -11.949711852815451 319
1623847629783 -15.601753068695405 320
1623847652873 -32.30326498597526 321
1623847679643 15.622970468857016 322
1623847705902 20.255992002098118 323
1623847728835 -34.84546089070087 324
1623847755418 -81.28581372005085 325
1623847778310 16.195790012867967 326
1623847807302 97.26333213312114 327
1623847837156 34.912714032119574 328
1623847862486 -31.082450662168775 329
1623847887358 11.802974345402333 330
1623847912520 57.1961998298058 331
1623847934979 -33.57196560568846 332
1623847962502 83.43863035729683 333
1623847988504 7.811514504726594 334
1623848014478 2.7934790844281565 335
1623848041514 -15.519714336075396 336
1623848067265 64.96346393961781 337
1623848090938 -48.10233937759375 338
1623848113185 -41.5025496408423 339
1623848137003 -19.00893254915436 340
1623848159038 -12.450416266483694 341
1623848183077 -41.309863211508244 342
1623848204388 -44.509899528841984 343
1623848229980 -6.1563491153832 344
1623848254634 -37.600137015287316 345
1623848279739 1.8379707667425975 346
1623848306724 -25.17344710595931 347
1623848326648 -23.165320598847437 348
1623848351037 -44.04050312253886 349
1623848370358 -80.89881817191713 350
1623848392894 10.658150027422218 351
1623848416326 -10.299684525013713 352
1623848440497 -19.8457217746611 353
1623848467031 -38.26314826079282 354
1623848491545 -35.575947185144294 355
1623848514751 -26.39347093049467 356
1623848537713 -54.59569434526552 357
1623848560805 11.673649223316536 358
1623848584400 -21.887828666087717 359
1623848608689 -80.32261183545879 360
1623848631536 -18.5789022638649 361
1623848656946 -45.62144194725371 362
1623848687306 -13.572226212913174 363
1623848713920 -8.519373903665628 364
1623848746691 -2.666347921031303 365
1623848777000 12.45113559298037 366
1623848800037 -12.89490769598605 367
1623848822939 -57.471257476961526 368
1623848847311 -48.76776028709858 369
1623848869283 -5.494705943638723 370
1623848890369 -47.63957938966567 371
1623848916818 21.838997845353568 372
1623848944454 11.849042388637974 373
1623848974257 99.18495040246907 374
1623849000401 38.353680667876844 375
1623849030543 -17.304346327593095 376
1623849054102 37.469197624264986 377
1623849085378 73.6697039152615 378
1623849111108 19.360683076714956 379
1623849144812 58.79099076778456 380
1623849175152 -28.490728640709882 381
1623849203259 -34.952141006704416 382
1623849232099 -14.48191521704805 383
1623849264190 67.44490629335478 384
1623849290588 -16.725477258057893 385
1623849316471 -24.947679506568505 386
1623849342219 -2.486779583384384 387
1623849372408 71.43890351345533 388
1623849400717 32.12883028359448 389
1623849423010 -12.490697508562368 390
1623849450054 13.560027406296319 391
1623849472773 -5.839080043057533 392
1623849499408 10.690338352639566 393
1623849533295 88.12032357096322 394
1623849558251 -30.791275855933428 395
1623849578581 32.93264532462644 396
1623849615980 109.89384263147895 397
1623849648071 29.59028766704729 398
1623849676153 19.692456115750357 399
