1623840960752 -1912.1008245427645 0
1623840988496 -985.9932580486632 1
1623841013965 -962.5884974755351 2
1623841034190 -864.8989520005537 3
1623841053992 -1282.611328377312 4
1623841070991 -1078.4309810346658 5
1623841086891 -537.5220761542229 6
1623841102648 -728.5036944789408 7
1623841118791 -478.3273935307843 8
1623841135677 -625.8960208320759 9
1623841151929 -609.5303103842288 10
1623841167836 -591.5477656903503 11
1623841184503 -644.3585576811017 12
1623841199158 -444.8284998520256 13
1623841215318 -712.2570615267043 14
1623841231565 -635.5744091509484 15
1623841250592 -131.5562375616713 16
1623841267809 -649.0411689875679 17
1623841283341 -663.3250199825491 18
1623841300588 -209.6498841579406 19
1623841317564 -690.7430612679557 20
1623841334043 -182.0279373835578 21
1623841350896 -312.4147068772012 22
1623841368489 -1593.6019948485064 23
1623841383965 -439.51433422025036 24
1623841399807 -522.218281322756 25
1623841414998 -248.70024542826505 26
1623841430739 -603.0782019582089 27
1623841447857 -136.78403797373124 28
1623841462988 -1563.823229953201 29
1623841479907 -838.6798964570411 30
1623841495559 -1049.9624737447905 31
1623841513142 -167.07079250267574 32
1623841529802 -482.7728167378884 33
1623841547127 -242.11051862706464 34
1623841562379 -594.6967250407145 35
1623841578313 -322.5192535330739 36
1623841593050 -523.238172392056 37
1623841609745 -608.0976649859094 38
1623841626595 -156.66458788745354 39
1623841641213 -423.0394647524216 40
1623841657860 -627.9484248832189 41
1623841674327 -232.50368745592033 42
1623841690767 -843.7284285367408 43
1623841706259 -566.9222248924153 44
1623841721660 -209.76226890760216 45
1623841741280 -1585.3371682696657 46
1623841757711 -468.7678684879444 47
1623841773907 -469.70250511388184 48
1623841788419 -539.4559905504796 49
1623841804184 -505.77062529410995 50
1623841820131 -294.7626484628946 51
1623841835016 -489.9729451969345 52
1623841851116 -440.08843552434445 53
1623841864835 -479.48125813565576 54
1623841881403 -192.16228284848356 55
1623841894970 -444.21817739284154 56
1623841909010 -462.68244531146684 57
1623841923920 -569.298548003338 58
1623841939742 -631.37099756229 59
1623841955934 -613.5390791193196 60
1623841971862 -134.59255338383414 61
1623841987791 -120.70154368236861 62
1623842003121 -561.7663771195195 63
1623842018740 -600.6407671949228 64
1623842033500 -145.4729439686405 65
1623842050542 -861.7839305930363 66
1623842068226 -686.1388366090813 67
1623842082885 -510.8866220943506 68
1623842100349 -744.6427468488616 69
1623842115676 -522.4178564457892 70
1623842132034 -143.78600565482824 71
1623842148463 -799.6996265081665 72
1623842163412 -124.1037886332294 73
1623842180557 -268.3258807920884 74
1623842195371 -536.8054647312882 75
1623842210371 -535.1760227709775 76
1623842225601 -154.00709834390543 77
1623842240168 -508.98710831332136 78
1623842256266 -602.2275546090523 79
1623842271817 -465.703501186795 80
1623842286444 -138.69546797749143 81
1623842302400 -417.8685238284368 82
1623842318914 -275.5864311682371 83
1623842333964 -517.7189806416973 84
1623842351401 -1037.9220210471965 85
1623842368159 -841.2342738053867 86
1623842383610 -130.91036951102856 87
1623842400086 -525.5126546450601 88
1623842415413 -149.68944022166565 89
1623842429952 -128.02902599976508 90
1623842447084 -170.933987207789 91
1623842462939 -954.8396066297086 92
1623842477810 -123.80027669306041 93
1623842494135 -818.9703917535018 94
1623842508754 -605.3182015546658 95
1623842525475 -668.4563928648729 96
1623842540415 -614.6807295983756 97
1623842555036 -508.14521473925504 98
1623842572842 -752.6543719500804 99
1623842587171 -601.6622016814429 100
1623842604812 -542.7506456020396 101
1623842621312 -606.3155003558944 102
1623842639203 -664.951690077502 103
1623842654402 -488.33938964570586 104
1623842671163 -638.7455498644003 105
1623842688378 -307.6134781922491 106
1623842706755 -675.3606604714934 107
1623842721811 -499.443786468029 108
1623842738347 -508.3957250578695 109
1623842753834 -597.5553739243103 110
1623842768430 -206.42535451758357 111
1623842785235 -441.427106285909 112
1623842801320 -568.8280055403596 113
1623842817340 -593.5439623109454 114
1623842837177 -259.9284337843986 115
1623842854912 -222.59764485467858 116
1623842871118 -328.7951788315312 117
1623842885175 -145.45684936398567 118
1623842902301 -633.4869134988769 119
1623842917948 -530.9438549307972 120
1623842934959 -254.5673667138282 121
1623842950875 -268.7700060711294 122
1623842967106 -529.3582168830469 123
1623842985653 -161.50885689741622 124
1623843003252 -220.5416276482296 125
1623843019772 -1760.0679905721631 126
1623843038563 -588.2652840640662 127
1623843053304 -192.18898713669006 128
1623843069803 -613.6941904726218 129
1623843087587 -227.22268359183673 130
1623843106233 -433.0288557779394 131
1623843122097 -285.3684419125983 132
1623843138220 -580.05412927083 133
1623843153583 -600.9394839169652 134
1623843169579 -528.2290035425772 135
1623843186840 -377.78758699004607 136
1623843204086 -322.6514452496109 137
1623843222778 -816.268726565135 138
1623843240390 -420.9841013258968 139
1623843256801 -684.2848475008767 140
1623843276639 -497.70679960847235 141
1623843296091 -654.2974334489774 142
1623843315263 -669.4223063331614 143
1623843333583 -176.79295567256338 144
1623843352189 -1375.6379625814757 145
1623843372356 -861.5999719936893 146
1623843391345 -1323.884417260841 147
1623843413643 -701.1698556218399 148
1623843434693 -558.7065881687574 149
1623843454653 -617.8672275183511 150
1623843475975 -483.00340094481743 151
1623843495078 -506.30673610510166 152
1623843515633 -1240.4912643672901 153
1623843536365 -594.4080561857702 154
1623843555886 -669.144372732609 155
1623843574101 -567.8401612066056 156
1623843592403 -842.4720824528929 157
1623843612427 -440.1696438388406 158
1623843633419 -599.5186109783856 159
1623843653847 -352.9985472146717 160
1623843673850 -836.5914727064817 161
1623843693822 -387.580248586459 162
1623843711863 -503.7658649243161 163
1623843733311 -632.1491336959413 164
1623843755455 -607.7452536233574 165
1623843779556 -728.6547510525597 166
1623843802295 -361.7530811575214 167
1623843826578 -208.191433042446 168
1623843849231 -606.5216236632975 169
1623843870995 -631.0125525601503 170
1623843895896 -413.8667457557558 171
1623843916692 -256.7413354105754 172
1623843942494 -705.6084929582019 173
1623843964763 -546.9157086528296 174
1623843987708 -770.7114424176506 175
1623844009334 -693.7617999549517 176
1623844029555 -580.9638921525791 177
1623844051622 -1124.692167739963 178
1623844072940 -541.4485970904079 179
1623844094971 -292.0440293784321 180
1623844115433 -229.11973297741685 181
1623844134988 -156.29652329084553 182
1623844157064 -231.64080398154783 183
1623844180411 -565.7205893112913 184
1623844203039 -641.7107013700029 185
1623844224068 -1718.2141904609537 186
1623844255833 -691.7244362666559 187
1623844281208 -464.48816019564873 188
1623844311042 -559.6424329393221 189
1623844340154 -664.8298307827588 190
1623844367739 -648.7393654275927 191
1623844392970 -637.3982940196793 192
1623844419451 -538.6892585320181 193
1623844440340 -251.2598270080457 194
1623844464983 -585.4581161422975 195
1623844488061 -623.0787733557052 196
1623844510247 -584.1440256862389 197
1623844536778 -356.3413487163733 198
1623844562997 -671.6615280037179 199
1623844587397 -226.52645547188996 200
1623844610170 -711.7249888510372 201
1623844631467 -591.5533712489912 202
1623844657324 -737.462465898876 203
1623844683503 -674.2323666011139 204
1623844710027 -738.3620450264848 205
1623844732723 -599.0004036308543 206
1623844757240 -738.2044956932773 207
1623844778651 -398.6329327820185 208
1623844801592 -825.7499956810116 209
1623844827625 -403.4998077991412 210
1623844852523 -319.7195253106435 211
1623844876743 -566.6113987042643 212
1623844899065 -450.37483089679637 213
1623844929672 -646.3578558152074 214
1623844958334 -600.537469419669 215
1623844983977 -564.5524577012912 216
1623845009774 -454.8025950633354 217
1623845035368 -624.4082703861071 218
1623845065659 -634.2883056231576 219
1623845100460 -657.2958875320891 220
1623845122321 -698.9812946291047 221
1623845147254 -504.69004241224275 222
1623845170907 -644.0955181068412 223
1623845195382 -610.0231153149641 224
1623845228820 -692.8950022763883 225
1623845255913 -597.2236970493448 226
1623845280694 -302.0546177509174 227
1623845312877 -610.2034414464374 228
1623845332559 -193.64079499212957 229
1623845362923 -153.40997010411306 230
1623845387749 -597.9105015104485 231
1623845414547 -619.3200407547602 232
1623845444472 -206.1293336743829 233
1623845466516 -1005.2499812252181 234
1623845498724 -576.1398746466039 235
1623845520334 -296.67043716135066 236
1623845548120 -688.8669620980919 237
1623845574628 -500.8266036892439 238
1623845598706 -648.5314428983397 239
1623845625747 -703.8512104846079 240
1623845651781 -637.7364480405439 241
1623845678012 -529.4298326243486 242
1623845704404 -497.90526725250686 243
1623845728599 -179.40276274097013 244
1623845755568 -659.6066549097768 245
1623845776787 -536.5257560057782 246
1623845800032 -383.69338320344536 247
1623845821179 -447.69285446395116 248
1623845839410 -313.979863196663 249
1623845868460 -465.1400523797671 250
1623845891143 -262.1263034977204 251
1623845915318 -803.5714380512567 252
1623845941963 -234.72098298636962 253
1623845965220 -557.8770921624366 254
1623845987242 -597.845982791905 255
1623846018283 -515.976109495117 256
1623846041946 -553.1797946091081 257
1623846066452 -650.0484168972666 258
1623846094007 -595.3545418032265 259
1623846121308 -259.71713555279547 260
1623846144410 -652.549610114786 261
1623846167753 -328.84024525120964 262
1623846195996 -683.4835132156729 263
1623846224089 -586.0106737029265 264
1623846250472 -628.0711738368326 265
1623846274095 -240.11613843923942 266
1623846299771 -586.5970322835971 267
1623846327818 -583.7000852835102 268
1623846350551 -557.6769398205788 269
1623846375719 -647.8610077854473 270
1623846400316 -689.9574521401366 271
1623846426031 -412.6122365759734 272
1623846452405 -653.2298158722515 273
1623846475561 -261.8734576886024 274
1623846500752 -567.4661031381277 275
1623846525953 -658.7238875579703 276
1623846551909 -659.5673483233857 277
1623846579062 -654.6774701590115 278
1623846601755 -527.1698470113414 279
1623846621904 -376.8385602730344 280
1623846645856 -356.9582329758563 281
1623846668947 -634.7351860139066 282
1623846697499 -238.338951486099 283
1623846719982 -622.400797698908 284
1623846742158 -366.6514832256976 285
1623846766184 -497.2825268388481 286
1623846793684 -277.70736296991896 287
1623846816807 -539.9561975107306 288
1623846839970 -628.6747257495167 289
1623846860748 -336.4539968884292 290
1623846882026 -630.9480636340238 291
1623846904710 -635.2353518644322 292
1623846928622 -552.6752786394143 293
1623846955238 -554.6743967720886 294
1623846981982 -846.5304941616123 295
1623847009022 -667.5514434033013 296
1623847041513 -637.9240443221678 297
1623847072869 -570.7548902668306 298
1623847100287 -625.9171447553432 299
1623847125455 -691.8086050802887 300
1623847149017 -596.6304278978153 301
1623847172409 -588.0208856432166 302
1623847197197 -694.6403287817427 303
1623847222632 -461.5163702286477 304
1623847255891 -706.2903162520845 305
1623847286131 -155.48608121529765 306
1623847316821 -663.1084389815421 307
1623847342213 -758.4222029240808 308
1623847370993 -632.0198889358244 309
1623847395387 -620.7449637511766 310
1623847421920 -509.3373388347446 311
1623847446825 -643.3914183334514 312
1623847469133 -411.97650818019093 313
1623847492274 -656.3539676055174 314
1623847516810 -488.86776765679076 315
1623847541761 -1690.382823326096 316
1623847562214 -663.4442141026478 317
1623847587370 -279.41068273224283 318
1623847611127 -310.1131615674591 319
1623847629736 -436.04601875796595 320
1623847652828 -613.6630397341356 321
1623847679596 -672.9558985422591 322
1623847705856 -659.2376113047245 323
1623847728787 -613.871895103388 324
1623847755372 -616.09805347575 325
1623847778262 -520.170837752398 326
1623847807257 -659.8299418898612 327
1623847837111 -658.5680964950674 328
1623847862439 -664.3159281791693 329
1623847887313 -762.3440069690339 330
1623847912473 -337.5793432785812 331
1623847934932 -497.1393926931798 332
1623847962457 -708.8790792203183 333
1623847988457 -469.96826827612915 334
1623848014431 -230.76238241463034 335
1623848041469 -691.6194267854505 336
1623848067219 -272.0616597120132 337
1623848090892 -545.5505262061971 338
1623848113139 -673.1978729301811 339
1623848136956 -484.0800454912246 340
1623848158992 -376.7327049871899 341
1623848183032 -636.7768707570207 342
1623848204341 -626.3247251439641 343
1623848229930 -592.6532404347712 344
1623848254586 -419.4963553486981 345
1623848279691 -690.2392518826995 346
1623848306676 -577.6550588701999 347
1623848326601 -472.31777589177346 348
1623848350989 -676.9318765108019 349
1623848370310 -445.95918572263065 350
1623848392848 -788.4026354947888 351
1623848416278 -315.42150543345576 352
1623848440450 -627.3752007750386 353
1623848466984 -394.03936859726946 354
1623848491499 -246.14561176648152 355
1623848514701 -662.1889366256947 356
1623848537663 -614.2577380608955 357
1623848560757 -511.844161466438 358
1623848584353 -551.1204137521169 359
1623848608643 -565.1120950494993 360
1623848631488 -719.6813461943536 361
1623848656898 -698.0313790571604 362
1623848687260 -640.0429071688383 363
1623848713874 -479.92326089078307 364
1623848746643 -819.1599830292855 365
1623848776952 -677.1364851057626 366
1623848799987 -600.9994971441791 367
1623848822890 -950.1987695961345 368
1623848847262 -651.1523343803494 369
1623848869236 -641.4609955694233 370
1623848890319 -775.5458961257043 371
1623848916772 -477.3383361727483 372
1623848944406 -496.24165027062327 373
1623848974210 -655.2501077084214 374
1623849000353 -642.8939624724636 375
1623849030493 -711.3482004624614 376
1623849054056 -596.1025562104105 377
1623849085329 -397.95848581143684 378
1623849111059 -876.2140927005569 379
1623849144763 -742.1553265849893 380
1623849175105 -747.0767991282286 381
1623849203212 -821.8695999327214 382
1623849232052 -609.4988046803214 383
1623849264142 -543.1451298064648 384
1623849290539 -530.9111858148483 385
1623849316424 -610.5770185989829 386
1623849342171 -879.0369291374552 387
1623849372361 -559.2926089935706 388
1623849400668 -487.9344180582731 389
1623849422961 -600.072828313029 390
1623849450004 -591.6335453609893 391
1623849472724 -576.3840377931944 392
1623849499358 -636.9922194725755 393
1623849533244 -475.4361446060234 394
1623849558201 -304.8862930247015 395
1623849578531 -592.2534137079605 396
1623849615930 -601.00365904838 397
1623849648023 -625.8177094105397 398
1623849676105 -173.81251445088932 399
