1623704676068 -482 0
1623704720388 -232 1
1623704761828 -109 2
1623704791643 -133 3
1623704820275 -133 4
1623704845711 -122 5
1623704870767 -102 6
1623704896461 -135 7
1623704929126 -137 8
1623704958203 -113 9
1623704992560 -130 10
1623705031657 -127 11
1623705069531 -128 12
1623705117717 -115 13
1623705151471 -96 14
1623705188036 -114 15
1623705225364 -139 16
1623705256384 -143 17
1623705293684 -67 18
1623705335352 -103 19
1623705372581 -103 20
1623705405688 -130 21
1623705439514 -155 22
1623705468280 -114 23
1623705501412 -104 24
1623705538300 -85 25
1623705571567 -82 26
1623705602782 -126 27
1623705639054 -59 28
1623705672408 -93 29
1623705706899 -133 30
1623705741546 -70 31
1623705770668 -62 32
1623705805345 -53 33
1623705830581 -97 34
1623705859726 -70 35
1623705893345 -60 36
1623705929536 -86 37
1623705967064 -106 38
1623706004906 -115 39
1623706039841 -62 40
1623706077154 -104 41
1623706110086 -97 42
1623706145973 -68 43
1623706185715 -38 44
1623706219250 -86 45
1623706268609 -73 46
1623706308557 -87 47
1623706345132 -81 48
1623706401708 -44 49
1623706456386 0 50
1623706564846 -35 51
1623706619488 -83 52
1623706668561 -122 53
1623706706235 -104 54
1623706736394 -88 55
1623706765652 -86 56
1623706825919 -28 57
1623706862071 -43 58
1623706892950 -78 59
1623706933690 -62 60
1623706955760 -101 61
1623706986109 -78 62
1623707012293 -80 63
1623707047364 -77 64
1623707109298 -71 65
1623707175142 -45 66
1623707260070 -24 67
1623707299193 -27 68
1623707348182 -61 69
1623707385883 -79 70
1623707458869 -61 71
1623707491152 -85 72
1623707519615 -116 73
1623707628026 -66 74
1623707792872 -35 75
1623707854410 -91 76
1623707894179 -64 77
1623708067763 0 78
1623708090684 -90 79
1623708338764 23 80
1623708393365 -40 81
1623708414381 -101 82
1623708524082 -77 83
1623708689957 -33 84
1623708723943 -89 85
1623708755219 -96 86
1623708936267 -20 87
1623709005898 -82 88
1623709044853 -119 89
1623709077340 -128 90
1623709195971 -52 91
1623709234050 -69 92
1623709306905 -68 93
1623709339531 -110 94
1623709417667 -106 95
1623709484001 -35 96
1623709514105 -65 97
1623709560620 -55 98
1623709657805 -44 99
1623709704014 -59 100
1623709755715 -77 101
1623709839876 -24 102
1623709902835 -78 103
1623710070306 16 104
1623710094147 -81 105
1623710198577 -48 106
1623710269122 -48 107
1623710413324 -43 108
1623710468489 -85 109
1623710492272 -75 110
1623710593090 -1 111
1623710620466 -72 112
1623710711084 -42 113
1623710743959 -67 114
1623710779927 -99 115
1623710834579 -51 116
1623710927945 -49 117
1623711039966 -92 118
1623711077683 -132 119
1623711289534 -36 120
1623711322491 -108 121
1623711374179 -40 122
1623711548911 -26 123
1623711658288 -41 124
1623711709452 -71 125
1623711755902 -105 126
1623711799263 -114 127
1623711835734 -100 128
1623711946626 -20 129
1623712035612 -51 130
1623712200130 -38 131
1623712333374 -47 132
1623712371781 -86 133
1623712604520 -2 134
1623712636771 -74 135
1623712692381 -74 136
1623712830189 14 137
1623712913690 -58 138
1623712940542 -53 139
1623712987767 -80 140
1623713074407 -20 141
1623713135002 -79 142
1623713205610 -99 143
1623713295567 -68 144
1623713542746 8 145
1623713614853 -46 146
1623713727293 -59 147
1623713772795 -86 148
1623713805794 -88 149
1623713856874 -56 150
1623713910832 -40 151
1623713968071 -58 152
1623714010793 -63 153
1623714071493 -54 154
1623714124216 -43 155
1623714177725 -78 156
1623714224918 -84 157
1623714258125 -116 158
1623714333258 -14 159
1623714404206 -17 160
1623714454690 -53 161
1623714514598 -78 162
1623714583593 -34 163
1623714686666 -82 164
1623714725295 -90 165
1623714764093 -60 166
1623714848418 -87 167
1623714914435 -97 168
1623714971700 -55 169
1623715000941 -141 170
1623715076932 -85 171
1623715106913 -98 172
1623715189203 -32 173
1623715247366 -89 174
1623715339951 -85 175
1623715421199 -66 176
1623715476648 -52 177
1623715553807 -45 178
1623715652936 -59 179
1623715703449 -66 180
1623715743436 -99 181
1623715779082 -58 182
1623715819543 -86 183
1623715852938 -143 184
1623715887619 -119 185
1623715921467 -81 186
1623715962473 -117 187
1623715994724 -112 188
1623716046189 -33 189
1623716080767 -69 190
1623716129961 -63 191
1623716175952 -59 192
1623716216505 -101 193
1623716251845 -84 194
1623716301158 -100 195
1623716367225 -44 196
1623716402604 -123 197
1623716444789 -99 198
1623716482088 -75 199
1623716513577 -104 200
1623716560475 -62 201
1623716622143 -97 202
1623716689112 -49 203
1623716735550 -81 204
1623716781879 -17 205
1623716826814 -67 206
1623716896385 -43 207
1623716929514 -86 208
1623716988699 11 209
1623717024014 -82 210
1623717071733 -70 211
1623717119687 -76 212
1623717166587 -62 213
1623717241163 14 214
1623717357522 24 215
1623717396238 -73 216
1623717431815 -119 217
1623717482088 -75 218
1623717527875 -72 219
1623717568246 -53 220
1623717607920 -61 221
1623717651062 -78 222
1623717738172 -49 223
1623717792141 -75 224
1623717827180 -75 225
1623717887898 -21 226
1623717945426 -59 227
1623717991288 -54 228
1623718011087 -120 229
1623718045756 -60 230
1623718104968 -70 231
1623718193746 -4 232
1623718254164 11 233
1623718295266 -78 234
1623718331665 -61 235
1623718367523 -80 236
1623718404586 -64 237
1623718451061 -22 238
1623718493545 -14 239
1623718526317 -53 240
1623718550123 -92 241
1623718578951 -58 242
1623718606906 -30 243
1623718646944 -97 244
1623718670126 -110 245
1623718704874 -132 246
1623718741414 -78 247
1623718786439 -85 248
1623718837868 -39 249
1623718869003 -26 250
1623718908578 -64 251
1623718938075 -73 252
1623718960579 -114 253
1623719007971 -48 254
1623719041758 -70 255
1623719092150 -85 256
1623719141731 -45 257
1623719176146 -70 258
1623719240860 -47 259
1623719310303 6 260
1623719342963 -71 261
1623719505288 5 262
1623719562999 -80 263
1623719593693 -80 264
1623719629883 -95 265
1623719698436 -72 266
1623719740632 -102 267
1623719798673 -52 268
1623719841779 -73 269
1623719914549 -62 270
1623719944229 -99 271
1623719996095 -103 272
1623720042508 -79 273
1623720074466 -98 274
1623720125960 -29 275
1623720164371 -78 276
1623720185567 -86 277
1623720219018 -77 278
1623720266819 -89 279
1623720307983 -43 280
1623720385461 -10 281
1623720421487 -53 282
1623720447482 -122 283
1623720479205 -72 284
1623720513034 -99 285
1623720578215 -74 286
1623720649186 -47 287
1623720682256 -128 288
1623720761212 -15 289
1623720806581 -51 290
1623720833589 -130 291
1623720904065 -85 292
1623721020120 -90 293
1623721058263 -63 294
1623721150536 -37 295
