1623704676104 -77.32297830428594 0
1623704720427 -77.32297830428594 1
1623704761877 -79.91053529974099 2
1623704791669 -79.91053529974099 3
1623704820308 -96.04116760517903 4
1623704845741 -90.27985957734418 5
1623704870792 -41.71823103021403 6
1623704896498 -41.71823103021403 7
1623704929161 -92.60245624233224 8
1623704958238 -60.0901966130053 9
1623704992596 -60.0901966130053 10
1623705031690 -72.96240602422017 11
1623705069564 -72.96240602422017 12
1623705117752 -59.35422679374123 13
1623705151508 -45.56231050009643 14
1623705188070 -28.832068817692594 15
1623705225397 -28.832068817692594 16
1623705256411 -99.00502509446373 17
1623705293720 -26.73612703727897 18
1623705335386 -26.73612703727897 19
1623705372614 -60.57922424190501 20
1623705405721 -60.57922424190501 21
1623705439541 -106.5110092488247 22
1623705468304 -65.8878949266151 23
1623705501446 -65.8878949266151 24
1623705538335 -33.77690336417211 25
1623705571599 -33.77690336417211 26
1623705602815 -63.48085579193139 27
1623705639085 28.82974420825072 28
1623705672441 28.82974420825072 29
1623705706932 -65.14317066709516 30
1623705741569 -1.9799269510147723 31
1623705770693 38.86942024173424 32
1623705805367 49.93983876015515 33
1623705830602 49.93983876015515 34
1623705859749 6.152852803856137 35
1623705893369 6.152852803856137 36
1623705929568 -4.4601795207198265 37
1623705967097 -50.617748271191886 38
1623706004939 -40.92074807374081 39
1623706039873 39.11509103040801 40
1623706077186 39.11509103040801 41
1623706110118 -9.296022949058317 42
1623706146005 -8.95443746883345 43
1623706185748 11.00887561320523 44
1623706219283 11.00887561320523 45
1623706268642 15.686803786797935 46
1623706308589 15.686803786797935 47
1623706345164 -36.02190223708344 48
1623706401740 34.72348499663303 49
1623706456419 60.39267146430016 50
1623706564879 84.48392984286946 51
1623706619522 84.48392984286946 52
1623706668594 -30.361847963974775 53
1623706706259 -61.04569973859807 54
1623706736415 -27.065057854152705 55
1623706765675 -27.065057854152705 56
1623706825945 56.85752165688814 57
1623706862094 55.831859333212016 58
1623706892973 -3.700643976489397 59
1623706933712 10.125516380572043 60
1623706955782 3.1564363050455824 61
1623706986131 22.098761354166964 62
1623707012314 22.098761354166964 63
1623707047386 -3.9978660031369317 64
1623707109327 4.971974610231532 65
1623707175164 70.65194586888097 66
1623707260093 135.7708852759462 67
1623707299214 135.7708852759462 68
1623707348215 14.737474196579 69
1623707385916 -12.493661414994955 70
1623707458891 -4.010721555760531 71
1623707491174 -4.010721555760531 72
1623707519637 -30.06079774894988 73
1623707628048 3.931763831637366 74
1623707792905 57.670936482462324 75
1623707854444 57.670936482462324 76
1623707894213 -3.1399397808804226 77
1623708067785 76.17859046970378 78
1623708090705 76.17859046970378 79
1623708338796 116.68814173023816 80
1623708393386 113.57150257578382 81
1623708414407 29.188735061629178 82
1623708524113 46.75579767105169 83
1623708689984 56.51688142000087 84
1623708723963 56.51688142000087 85
1623708755254 -46.39457763511487 86
1623708936301 56.06780488695009 87
1623709005930 56.06780488695009 88
1623709044887 -21.43317949863763 89
1623709077373 -61.66495126058218 90
1623709196004 52.85010879942486 91
1623709234082 52.85010879942486 92
1623709306939 -27.524424617191993 93
1623709339565 -27.524424617191993 94
1623709417701 -28.975655529206186 95
1623709484035 66.4332148130899 96
1623709514138 45.67758866757774 97
1623709560653 -11.814451191539177 98
1623709657829 4.293437266598653 99
1623709704038 4.045675318398267 100
1623709755737 -11.767949854556736 101
1623709839899 111.02100110058787 102
1623709902858 111.02100110058787 103
1623710070331 146.60508521688706 104
1623710094169 146.60508521688706 105
1623710198598 -3.4377614742719174 106
1623710269144 18.202797918158986 107
1623710413347 32.942271626714096 108
1623710468511 32.942271626714096 109
1623710492294 0.41594141356296177 110
1623710593112 89.13325778042984 111
1623710620488 89.13325778042984 112
1623710711119 46.28244848875036 113
1623710743993 46.28244848875036 114
1623710779959 -52.62543435254213 115
1623710834611 47.56054575962773 116
1623710927979 47.56054575962773 117
1623711040000 14.247895383316102 118
1623711077716 -41.82220763784098 119
1623711289568 35.98375230787896 120
1623711322524 35.98375230787896 121
1623711374213 43.258605899960635 122
1623711548944 43.258605899960635 123
1623711658321 4.7708479715791245 124
1623711709487 4.7708479715791245 125
1623711755937 -48.92494522884412 126
1623711799298 -84.28518828514584 127
1623711835767 -34.758154359242575 128
1623711946660 36.45272251183776 129
1623712035645 28.149414556527063 130
1623712200164 25.340949727842357 131
1623712333407 40.3714989021869 132
1623712371815 40.3714989021869 133
1623712604550 87.08055828555823 134
1623712636802 87.08055828555823 135
1623712692407 3.8659649108732994 136
1623712830214 122.63726041144227 137
1623712913714 122.63726041144227 138
1623712940564 -17.854732172138885 139
1623712987800 -17.854732172138885 140
1623713074441 82.45819807593355 141
1623713135037 82.45819807593355 142
1623713205643 -40.293513136684105 143
1623713295600 -10.158807171091633 144
1623713542780 136.83673966638258 145
1623713614887 136.83673966638258 146
1623713727326 -6.536651261877628 147
1623713772829 -6.536651261877628 148
1623713805827 -50.29884229116529 149
1623713856908 38.23296600198241 150
1623713910865 38.23296600198241 151
1623713968106 -3.0953140516216306 152
1623714010828 3.3410415354680083 153
1623714071527 -1.9872888370140545 154
1623714124250 -4.656621251303915 155
1623714177761 -13.750986430617065 156
1623714224952 -15.298323236931328 157
1623714258159 -15.298323236931328 158
1623714333292 65.38192107832444 159
1623714404240 65.38192107832444 160
1623714454724 13.238556403499171 161
1623714514632 -32.88383306098982 162
1623714583627 50.15236513191721 163
1623714686701 50.15236513191721 164
1623714725329 -9.23062363601505 165
1623714764127 12.543594243882229 166
1623714848454 12.543594243882229 167
1623714914469 -3.3074462677953647 168
1623714971734 35.424972295395364 169
1623715000976 6.614431463420175 170
1623715076966 -21.364599284091295 171
1623715106949 -21.364599284091295 172
1623715189237 55.94635248297989 173
1623715247400 55.94635248297989 174
1623715339986 -2.389625733319002 175
1623715421233 4.455217743414846 176
1623715476682 1.7538033821674959 177
1623715553828 1.2473721834137734 178
1623715652960 21.75327940550722 179
1623715703472 21.75327940550722 180
1623715743466 -5.914230804789307 181
1623715779120 27.651665199326807 182
1623715819578 14.809550155981166 183
1623715852973 -37.84310442210436 184
1623715887654 -73.36190232240187 185
1623715921502 -5.942102108138053 186
1623715962507 -5.942102108138053 187
1623715994758 29.539151585978754 188
1623716046225 99.26458542932963 189
1623716080801 99.26458542932963 190
1623716129998 32.79291785380899 191
1623716175987 32.79291785380899 192
1623716216541 -26.02067493960617 193
1623716251879 -48.92156669170201 194
1623716301193 -42.26967907195033 195
1623716367260 20.162277228501416 196
1623716402640 20.162277228501416 197
1623716444826 -48.92370176972552 198
1623716482122 2.756339089533577 199
1623716513613 2.756339089533577 200
1623716560510 -11.788981711975335 201
1623716622178 4.440527928682627 202
1623716689147 59.660401900307264 203
1623716735587 29.61212175359811 204
1623716781916 31.054743455651135 205
1623716826848 31.054743455651135 206
1623716896419 29.38988094070014 207
1623716929551 29.38988094070014 208
1623716988736 134.98038464765705 209
1623717024051 87.08593707825315 210
1623717071768 32.91482347606926 211
1623717119722 32.91482347606926 212
1623717166623 6.455866766239541 213
1623717241204 69.37732070284707 214
1623717357559 112.73587006568448 215
1623717396275 112.73587006568448 216
1623717431851 -36.4192290679804 217
1623717482123 -22.71721677036328 218
1623717527910 -12.428824164750239 219
1623717568282 14.87721157885279 220
1623717607955 14.87721157885279 221
1623717651097 17.481958343387692 222
1623717738207 17.481958343387692 223
1623717792175 2.6078742323984785 224
1623717827215 -18.369557249825277 225
1623717887934 75.32009412824638 226
1623717945462 75.32009412824638 227
1623717991313 -2.7658237448177827 228
1623718011112 -2.7658237448177827 229
1623718045792 -47.021232254999276 230
1623718105004 82.85663661423837 231
1623718193783 108.51822268887433 232
1623718254202 108.51822268887433 233
1623718295303 70.41273900902212 234
1623718331703 -38.1127211222226 235
1623718367560 4.4008809942395315 236
1623718404623 4.4008809942395315 237
1623718451098 -6.516683468929966 238
1623718493573 95.331309606301 239
1623718526343 95.331309606301 240
1623718550148 4.833399784262236 241
1623718578977 -1.7347033116524386 242
1623718606929 45.60240212127754 243
1623718646969 45.60240212127754 244
1623718670151 -4.457039982679907 245
1623718704911 -4.457039982679907 246
1623718741450 -17.919428541679274 247
1623718786475 -12.91860404884801 248
1623718837894 31.58785642049968 249
1623718869028 31.58785642049968 250
1623718908619 5.329144987298216 251
1623718938101 -37.15816923779839 252
1623718960614 -42.655685536765546 253
1623719008008 22.746836869940203 254
1623719041794 22.746836869940203 255
1623719092185 3.2326206075781387 256
1623719141767 47.065918087274184 257
1623719176182 44.28925337554739 258
1623719240897 81.5567031987474 259
1623719310340 129.3776680197507 260
1623719342999 129.3776680197507 261
1623719505325 164.52376780775393 262
1623719563036 164.52376780775393 263
1623719593729 -12.126376132272162 264
1623719629921 -12.126376132272162 265
1623719698473 -8.376323006085732 266
1623719740668 -8.376323006085732 267
1623719798713 -2.120595177823591 268
1623719841817 -2.120595177823591 269
1623719914586 52.385577492812516 270
1623719944267 52.385577492812516 271
1623719996133 24.029907478659773 272
1623720042546 24.029907478659773 273
1623720074502 -30.04689396657367 274
1623720125997 37.72783733945438 275
1623720164410 34.934339735353106 276
1623720185591 -21.671130763166595 277
1623720219044 15.498140132741323 278
1623720266855 15.498140132741323 279
1623720308021 25.906593778139268 280
1623720385499 73.67899050638924 281
1623720421509 66.39527640567711 282
1623720447506 -38.95230039538738 283
1623720479251 2.5585206131612663 284
1623720513075 2.5585206131612663 285
1623720578254 6.224767615294039 286
1623720649224 35.588233903568074 287
1623720682299 35.588233903568074 288
1623720761263 81.22070175563285 289
1623720806619 81.22070175563285 290
1623720833627 -6.7598935311681085 291
1623720904103 -7.828578696879893 292
1623721020157 -15.804759095904444 293
1623721058332 3.185156076375577 294
1623721150628 69.35451972816274 295
