1623704676034 -1595.209951498875 0
1623704720347 -521.163514737378 1
1623704761754 -280.33862937776985 2
1623704791623 -142.63451589402712 3
1623704820229 -138.85934171834148 4
1623704845686 -124.07705720064371 5
1623704870732 -105.19186144220161 6
1623704896425 -147.0573415652277 7
1623704929090 -140.97072283927693 8
1623704958168 -120.96719198018255 9
1623704992520 -147.27806127308182 10
1623705031633 -145.49128496664804 11
1623705069494 -144.7577530155151 12
1623705117681 -145.13013797006107 13
1623705151434 -129.5591827119345 14
1623705188000 -141.7521771828772 15
1623705225339 -165.80807670240085 16
1623705256360 -169.65906751034473 17
1623705293649 -99.19200478744638 18
1623705335317 -142.00520443804865 19
1623705372548 -139.25325229760492 20
1623705405653 -187.27815010217532 21
1623705439480 -191.71760682805854 22
1623705468249 -132.9146689324694 23
1623705501377 -133.39088861913174 24
1623705538265 -135.14450564884146 25
1623705571535 -125.88983438669307 26
1623705602750 -165.83574558574855 27
1623705639021 -99.04994145608805 28
1623705672375 -125.67090287747847 29
1623705706866 -159.28400396372203 30
1623705741525 -124.52467010702976 31
1623705770645 -104.31042132412772 32
1623705805320 -121.657710790096 33
1623705830559 -150.8499431831221 34
1623705859701 -108.90220802149845 35
1623705893321 -102.84415544041697 36
1623705929503 -117.8972737759935 37
1623705967031 -141.85771966245974 38
1623706004872 -148.70103731615274 39
1623706039809 -102.67867459596553 40
1623706077121 -154.85660176661872 41
1623706110054 -152.03019800562083 42
1623706145940 -107.35547552109081 43
1623706185683 -77.90861832177225 44
1623706219217 -125.1550658645273 45
1623706268576 -109.04240222076612 46
1623706308524 -130.84828923113145 47
1623706345099 -139.00443285307156 48
1623706401675 -87.8179731981206 49
1623706456353 -50.872936965648364 50
1623706564813 -119.22352232385235 51
1623706619455 -157.06716474715023 52
1623706668528 -174.2941276150347 53
1623706706213 -141.35306708898662 54
1623706736370 -118.66366905911964 55
1623706765628 -128.22348973138395 56
1623706825897 -114.3711689403968 57
1623706862049 -94.12253891076915 58
1623706892925 -113.22088321182937 59
1623706933668 -98.15258301985266 60
1623706955738 -140.6051172946382 61
1623706986087 -117.05342028030036 62
1623707012271 -119.59699698813047 63
1623707047342 -111.5079810138307 64
1623707109271 -138.1492610413556 65
1623707175120 -99.04782132951486 66
1623707260045 -103.79841704033129 67
1623707299167 -83.60878184576598 68
1623707348149 -91.25635102598451 69
1623707385850 -100.52246346276365 70
1623707458847 -102.39306083824181 71
1623707491131 -136.63253731364082 72
1623707519592 -153.72218695665555 73
1623707628003 -94.47797125547244 74
1623707792838 -93.86827047546429 75
1623707854377 -148.3983733540416 76
1623707894145 -93.36011649651107 77
1623708067738 -50.87854563312463 78
1623708090661 -156.17068953308777 79
1623708338719 -91.38185111384045 80
1623708393343 -98.95041323593848 81
1623708414353 -140.311070464586 82
1623708524046 -150.05872615944955 83
1623708689934 -76.08122748426828 84
1623708723920 -118.38468000235628 85
1623708755179 -119.47805774876005 86
1623708936233 -69.39684622323574 87
1623709005866 -148.77116990908834 88
1623709044820 -147.5276894570894 89
1623709077306 -161.04009854828945 90
1623709195936 -106.64366309314546 91
1623709234018 -112.55127748903824 92
1623709306872 -94.37786302379227 93
1623709339497 -147.88805746889312 94
1623709417633 -144.21085264137585 95
1623709483967 -82.40677197168397 96
1623709514070 -99.75024491330221 97
1623709560588 -66.52014495545531 98
1623709657781 -74.55790029402087 99
1623709703989 -102.73606240644199 100
1623709755690 -108.81342658181602 101
1623709839854 -66.89809315459776 102
1623709902813 -152.02263146198985 103
1623710070283 -50.13225450081547 104
1623710094124 -160.1939731570115 105
1623710198555 -81.83315926334643 106
1623710269100 -95.38000167037256 107
1623710413301 -77.35877954031116 108
1623710468464 -154.46255728462603 109
1623710492248 -90.43221908015576 110
1623710593067 -47.77471715497737 111
1623710620444 -119.87436435307009 112
1623710711049 -89.55147716541701 113
1623710743925 -122.9970734184848 114
1623710779894 -129.15876922652808 115
1623710834546 -94.0727678018081 116
1623710927910 -93.5184709682263 117
1623711039931 -148.7460343269697 118
1623711077650 -175.45054446197565 119
1623711289501 -103.43838813575822 120
1623711322457 -178.40630968022975 121
1623711374144 -79.57107994706912 122
1623711548877 -72.48190698114365 123
1623711658255 -86.1288293748041 124
1623711709417 -105.91583645962683 125
1623711755866 -141.72518440521645 126
1623711799227 -139.11067549868923 127
1623711835700 -128.540871106063 128
1623711946592 -44.463136407154366 129
1623712035579 -97.76521429335705 130
1623712200097 -82.96218297569798 131
1623712333340 -106.20769274487648 132
1623712371747 -119.11401321676495 133
1623712604493 -82.18060313666737 134
1623712636733 -172.9118693773832 135
1623712692357 -123.85771304234622 136
1623712830165 -57.36741651984691 137
1623712913668 -142.20917603536913 138
1623712940519 -91.42423087660353 139
1623712987734 -129.06451932241438 140
1623713074373 -68.26588468944274 141
1623713134967 -150.77515813518178 142
1623713205576 -124.98659746555123 143
1623713295533 -99.83676869317767 144
1623713542712 -62.752474098325024 145
1623713614819 -110.81872377922062 146
1623713727259 -98.02376640324863 147
1623713772760 -124.10382904383678 148
1623713805759 -113.99730564468777 149
1623713856840 -129.33889155404424 150
1623713910798 -88.34509001463672 151
1623713968037 -88.05039888841509 152
1623714010758 -94.54741606866045 153
1623714071458 -115.54276123450867 154
1623714124182 -71.2487976226536 155
1623714177690 -109.56385705856613 156
1623714224884 -127.18585920885525 157
1623714258090 -146.82401496272053 158
1623714333223 -70.8870227647333 159
1623714404172 -70.51626338029007 160
1623714454656 -86.32555739343884 161
1623714514564 -109.55324832328984 162
1623714583559 -56.975536303759256 163
1623714686632 -138.6783914994287 164
1623714725261 -119.79980826918836 165
1623714764058 -100.62756888622036 166
1623714848382 -158.78187517416217 167
1623714914400 -138.45441723736877 168
1623714971665 -105.00735850992287 169
1623715000905 -218.58119246159967 170
1623715076897 -122.155011780227 171
1623715106877 -139.565084489021 172
1623715189169 -80.30491674891816 173
1623715247331 -146.03432367464745 174
1623715339916 -131.8500640531219 175
1623715421164 -102.1320662120298 176
1623715476614 -106.04829179196258 177
1623715553783 -86.3811266208316 178
1623715652912 -125.76284938370222 179
1623715703427 -119.27765287034124 180
1623715743415 -159.98419961981213 181
1623715779046 -111.32097044077364 182
1623715819508 -152.9408078653425 183
1623715852902 -199.50506235703705 184
1623715887584 -155.64035383108367 185
1623715921431 -110.08208819034257 186
1623715962438 -151.19604521676052 187
1623715994689 -155.80739246207327 188
1623716046152 -106.18530286431621 189
1623716080732 -128.6539802826494 190
1623716129925 -111.83385384795857 191
1623716175917 -100.12688327135228 192
1623716216469 -151.57745481363162 193
1623716251810 -117.94122448387944 194
1623716301123 -155.05581301272355 195
1623716367190 -99.17406756121424 196
1623716402569 -181.09857241490852 197
1623716444753 -133.02350769023525 198
1623716482052 -133.31801910883647 199
1623716513540 -141.71627103569293 200
1623716560440 -92.80577239695704 201
1623716622107 -155.83147439985504 202
1623716689077 -100.53837936736464 203
1623716735514 -119.7600348838901 204
1623716781842 -68.28460717763114 205
1623716826779 -111.7936762779375 206
1623716896350 -89.91659080754648 207
1623716929478 -134.78359110324945 208
1623716988662 -49.313730748054056 209
1623717023977 -128.72729336802098 210
1623717071698 -110.68068899937893 211
1623717119652 -143.1774671358648 212
1623717166552 -89.13856038787476 213
1623717241120 -61.18731657723036 214
1623717357485 -58.12540708938584 215
1623717396202 -148.11563649093506 216
1623717431779 -142.393669110955 217
1623717482052 -114.62909499490316 218
1623717527839 -112.92955977879232 219
1623717568208 -109.51583594109297 220
1623717607883 -94.47513432597414 221
1623717651027 -114.26232410654548 222
1623717738138 -101.97164067501339 223
1623717792105 -125.31760063365213 224
1623717827144 -108.17490930548453 225
1623717887861 -103.57906782022981 226
1623717945390 -121.84668807896358 227
1623717991256 -90.37097357908836 228
1623718011062 -163.2962613789793 229
1623718045718 -74.4873231958206 230
1623718104932 -141.94632515925716 231
1623718193708 -64.81339986236146 232
1623718254126 -45.398278704556574 233
1623718295228 -136.68333218332475 234
1623718331627 -76.2738349982111 235
1623718367485 -102.95669806951314 236
1623718404548 -87.3335770415806 237
1623718451023 -63.915959767944535 238
1623718493514 -63.117490953187016 239
1623718526291 -105.36637500010356 240
1623718550096 -126.22991682135967 241
1623718578926 -91.49206339056181 242
1623718606879 -70.53612428300671 243
1623718646918 -156.6785116136154 244
1623718670099 -167.25761438598704 245
1623718704837 -185.52735902026828 246
1623718741378 -109.64691009821149 247
1623718786402 -126.93184982768207 248
1623718837842 -71.64589575607947 249
1623718868966 -65.82878981933646 250
1623718908547 -113.87208096423149 251
1623718938048 -123.37287423834842 252
1623718960542 -166.29646862814064 253
1623719007932 -110.51259765525727 254
1623719041722 -120.80785404009703 255
1623719092113 -134.5443868627213 256
1623719141695 -105.6711611749923 257
1623719176109 -125.79164938435581 258
1623719240823 -96.73576929058174 259
1623719310266 -69.13806905424875 260
1623719342925 -130.39807370677858 261
1623719505252 -75.6575961524886 262
1623719562962 -178.41037170103195 263
1623719593656 -120.30464828012926 264
1623719629845 -139.45802377433955 265
1623719698398 -109.01665182846834 266
1623719740594 -162.3298179035126 267
1623719798629 -79.15336091951721 268
1623719841740 -126.48184005855046 269
1623719914513 -105.98715743738299 270
1623719944190 -144.89053360518628 271
1623719996056 -151.87322050446045 272
1623720042471 -114.15842559311716 273
1623720074429 -131.61836938405764 274
1623720125923 -88.14363363820766 275
1623720164300 -128.3643831569629 276
1623720185540 -116.85953032361677 277
1623720218993 -99.66270776798356 278
1623720266782 -122.47164810769384 279
1623720307945 -91.6365487926646 280
1623720385412 -67.18675790449515 281
1623720421449 -106.66501852735708 282
1623720447452 -161.5023226911028 283
1623720478998 -111.47230885220281 284
1623720512458 -141.72242176818213 285
1623720577822 -118.90554703974244 286
1623720648721 -88.55794258120686 287
1623720681721 -193.06115516185815 288
1623720760989 -103.41815468490358 289
1623720806415 -120.05729687730835 290
1623720833023 -184.7787933696265 291
1623720903715 -131.2723009859323 292
1623721019720 -136.57693000405894 293
1623721058070 -95.90030003038866 294
1623721149716 -81.72374144041173 295
