1623703660178 -118.97844600250119 0
1623703687741 -108.05306248682821 1
1623703710634 -108.05306248682821 2
1623703731184 -78.06729026985663 3
1623703751348 -78.06729026985663 4
1623703770116 -111.38872042451428 5
1623703788853 -75.55040220341789 6
1623703807793 -75.55040220341789 7
1623703826598 -108.90768844063277 8
1623703845801 -113.41405434518 9
1623703865033 -122.6938356175227 10
1623703881369 -94.56327688670903 11
1623703899312 -94.56327688670903 12
1623703918355 -103.18740426651482 13
1623703936961 -107.89041798922958 14
