1623703660142 -1572.0471794896098 0
1623703687697 -756.0660655302535 1
1623703710590 -656.4160373995994 2
1623703731144 -612.3677289470731 3
1623703751306 -631.7014527746329 4
1623703770073 -523.615117746541 5
1623703788809 -440.2544810570572 6
1623703807754 -364.05033724767065 7
1623703826555 -550.2931808749532 8
1623703845759 -241.39023878352424 9
1623703864992 -155.07007711012005 10
1623703881327 -176.62414645285014 11
1623703899272 -131.18567140962668 12
1623703918312 -243.07596316132594 13
1623703936922 -459.98923337304694 14
