1623840871080 -512.713576430455 0
1623840893449 -219.62655892735012 1
1623840911281 -128.58666788925558 2
1623840926812 -136.47529916732475 3
1623840944294 -110.2169584244483 4
1623840962171 -117.82176712489198 5
1623840978415 -145.80295297250987 6
1623840995620 -116.3166745989206 7
1623841013753 -156.96076950550807 8
1623841029667 -160.33338237882887 9
1623841043406 -113.17471735400002 10
1623841060774 -103.25471233447507 11
1623841077082 -109.77218606723245 12
1623841093030 -133.00484781347603 13
1623841108995 -150.64060364425953 14
1623841126079 -157.79264865237977 15
1623841140502 -128.64755400403376 16
1623841155088 -149.77870821921417 17
1623841170053 -159.01771581495458 18
1623841184810 -146.87445364070666 19
1623841201794 -152.7113122272109 20
1623841218574 -138.88448858954155 21
1623841235465 -122.40490746238355 22
1623841249578 -114.30520181080463 23
1623841265665 -151.19922700550597 24
1623841281217 -169.57271049006323 25
1623841297646 -140.03101579813617 26
1623841314232 -134.2785435367869 27
1623841330001 -151.23290614633063 28
1623841346273 -137.94263099324638 29
1623841362090 -116.96282328648124 30
1623841378168 -134.23465241840552 31
1623841392881 -124.36180933715025 32
1623841410246 -117.84826508466364 33
1623841426051 -139.04355046527672 34
1623841441438 -125.44518014051152 35
1623841459314 -125.48561698470257 36
1623841474700 -148.11244479838152 37
1623841492503 -89.94854455755986 38
1623841507487 -125.28188719630207 39
1623841525167 -171.17305628158934 40
1623841541428 -120.59040365493685 41
1623841557519 -111.45303534882324 42
1623841574486 -135.4586398248952 43
1623841590287 -143.54234880398243 44
1623841606232 -115.67400527545925 45
1623841622170 -125.60478556270061 46
1623841637791 -131.2356023330072 47
1623841652905 -132.07262129276612 48
1623841667619 -129.36962913423247 49
1623841683875 -120.51138186056538 50
1623841702499 -104.55892412339256 51
1623841717806 -108.6922458392155 52
1623841735232 -131.1804629274838 53
1623841751941 -163.950077864807 54
1623841768234 -110.68475658990441 55
1623841783931 -101.5286874126232 56
1623841800724 -136.46363187387692 57
1623841816028 -149.52034205344708 58
1623841834011 -114.47958731930028 59
1623841849208 -131.57847218161965 60
1623841863362 -122.57511708640963 61
1623841880042 -142.73375112837684 62
1623841895956 -138.14023279498855 63
1623841911088 -123.87087192082967 64
1623841927375 -132.02258311312755 65
1623841942744 -135.88565092656216 66
1623841956858 -120.12411726004224 67
1623841972961 -125.19869183263522 68
1623841988635 -110.88151091413667 69
1623842003600 -130.0006804088205 70
1623842020039 -134.10185427518252 71
1623842037044 -131.4492495866566 72
1623842052623 -134.735536340745 73
1623842068690 -153.96023468013783 74
1623842085696 -125.621090205448 75
1623842101295 -126.43238102407733 76
1623842115930 -136.85894143668352 77
1623842131002 -138.82361471352485 78
1623842147535 -145.71641774129202 79
1623842163324 -149.94472782642018 80
1623842179596 -166.49985970343113 81
1623842194292 -134.17647133715718 82
1623842210743 -162.21245093684507 83
1623842226316 -126.11121467397916 84
1623842243212 -109.59093339101857 85
1623842261652 -175.68943597808828 86
1623842276416 -140.76605718459894 87
1623842291780 -119.79778652564761 88
1623842309036 -130.16491025614494 89
1623842324514 -131.3086839085698 90
1623842339246 -124.85709331046033 91
1623842355638 -136.66000186782412 92
1623842369930 -143.52280187509393 93
1623842388055 -165.56975697349506 94
1623842404628 -142.77936968124425 95
1623842420615 -136.84403651145306 96
1623842437166 -131.81281899417502 97
1623842450789 -112.30865339173232 98
1623842467530 -121.76655410393519 99
1623842484169 -103.34835634115987 100
1623842499553 -122.87591090419166 101
1623842516095 -137.8223993296522 102
1623842531818 -150.48514903339588 103
1623842548035 -120.28058976800698 104
1623842564770 -123.31563729444979 105
1623842580891 -130.3987564363613 106
1623842596701 -124.49310031804269 107
1623842611840 -129.12375223009215 108
1623842629388 -166.29599451001405 109
1623842646261 -153.5998397417393 110
1623842663069 -148.88692532561447 111
1623842679428 -137.22655230181223 112
1623842695959 -141.67203412766787 113
1623842710499 -136.99812578712547 114
1623842726943 -141.95959428263907 115
1623842743501 -120.35432165610244 116
1623842757712 -131.63653425689182 117
1623842773793 -109.6397843703633 118
1623842791314 -142.5494450524671 119
1623842806870 -132.79462989078584 120
1623842822214 -143.0762482966666 121
1623842839062 -168.73110651176452 122
1623842854289 -109.84007492657423 123
1623842870459 -127.12483762909162 124
1623842884700 -128.24133113122073 125
1623842902473 -116.47237867141662 126
1623842918013 -138.34930069752303 127
1623842934326 -117.52400820622262 128
1623842949834 -130.6408586459637 129
1623842965158 -125.3149847404292 130
1623842982197 -122.8011450089809 131
1623843000720 -122.53827352292674 132
1623843016289 -128.18384376443458 133
1623843032952 -122.02651124341597 134
1623843048085 -119.13244874272279 135
1623843064145 -143.55421865251185 136
1623843080531 -120.06495981694628 137
1623843096414 -130.5462741682817 138
1623843112555 -143.69999238488828 139
1623843129689 -96.8265942405451 140
1623843145905 -116.57382132063714 141
1623843161548 -128.44279887284054 142
1623843178914 -193.998688158828 143
1623843195816 -131.9934804198473 144
1623843211930 -148.894815526943 145
1623843226316 -135.91435442667483 146
1623843244425 -149.06388010082978 147
1623843261961 -130.17374886852357 148
1623843278135 -122.48003428788674 149
1623843293116 -140.0140423529702 150
1623843311870 -120.23676009255163 151
1623843326241 -86.33228954414946 152
1623843341558 -128.43917751025228 153
1623843355179 -111.63071523880289 154
1623843373496 -167.72386085587016 155
1623843389967 -107.3915451977313 156
1623843406516 -150.24615256187852 157
1623843421661 -100.51061029998533 158
1623843436997 -138.9230983243892 159
1623843452761 -165.74868106174588 160
1623843468268 -154.2488308960542 161
1623843484511 -112.56761537111056 162
1623843498547 -129.44119457776907 163
1623843514270 -131.34075919139107 164
1623843529656 -136.17415203496276 165
1623843546024 -117.84740057883573 166
1623843560512 -128.30673470745933 167
1623843577628 -127.345803512071 168
1623843595279 -114.58606312821593 169
1623843612011 -125.36287174393627 170
1623843628291 -144.51886652726031 171
1623843644638 -112.79562700956927 172
1623843660746 -129.12014108086586 173
1623843676039 -105.49218791880963 174
1623843691322 -138.68860523572036 175
1623843708054 -114.07145058684017 176
1623843724050 -130.82377969560957 177
1623843740542 -136.9473804165271 178
1623843756258 -111.35520430472687 179
1623843772038 -140.93915626789328 180
1623843787919 -133.03143949534933 181
1623843802611 -126.52672924017268 182
1623843818884 -144.02819366234417 183
1623843834163 -124.2029284926592 184
1623843848418 -124.70574025744092 185
1623843862602 -93.2784907234739 186
1623843879845 -98.05074619001815 187
1623843895704 -134.65220910831195 188
1623843911158 -128.73584620150177 189
1623843927198 -124.04349966242084 190
1623843943364 -154.40778060133815 191
1623843959502 -123.67648709632705 192
1623843976242 -154.38615836003663 193
1623843992874 -113.85400149260005 194
1623844010172 -154.04717325826158 195
1623844027782 -107.20210920706756 196
1623844045283 -109.5955330412114 197
1623844062149 -123.98948376853521 198
1623844079184 -147.88810852488638 199
1623844094249 -97.96637309061116 200
1623844109375 -117.87278135464163 201
1623844124897 -135.54592213748728 202
1623844139065 -121.23285995987682 203
1623844155577 -141.18767753463732 204
1623844174011 -153.63893648339797 205
1623844189499 -138.23400435342958 206
1623844204821 -113.68049730973502 207
1623844221768 -149.55127287702965 208
1623844239959 -158.45924924840628 209
1623844256845 -132.1199245309563 210
1623844274003 -133.17128342278056 211
1623844289143 -131.17133530973308 212
1623844304351 -122.14406775800079 213
1623844321997 -131.44068703433976 214
1623844338066 -105.37086335062538 215
1623844353853 -114.5021660287197 216
1623844369885 -138.62556936457264 217
1623844384499 -120.82559230711318 218
1623844401238 -155.91043021342074 219
1623844418296 -102.95696440446787 220
1623844436221 -154.15100947623907 221
1623844449997 -135.0052421647538 222
1623844466177 -118.65800379590266 223
1623844483777 -137.82182594469933 224
1623844501589 -141.46629525669607 225
1623844516465 -148.03549666672671 226
1623844532239 -124.67005549180305 227
1623844547073 -137.16423286219992 228
1623844564177 -158.7779753997288 229
1623844581023 -156.24532493489644 230
1623844596511 -138.79929495659192 231
1623844611369 -139.52907350924826 232
1623844627183 -118.58477257826964 233
1623844643003 -130.18697466270058 234
1623844658343 -122.25484803590797 235
1623844675737 -127.65626857626978 236
1623844691295 -146.811632199841 237
1623844708634 -166.6104556298806 238
1623844724777 -147.6003227965107 239
1623844741677 -166.5429308155724 240
1623844757876 -149.65004442364628 241
1623844772151 -93.32137350087868 242
1623844786448 -118.39499820456416 243
1623844802797 -124.6845975534712 244
1623844821475 -132.43341943089013 245
1623844837850 -113.00226577720555 246
1623844853368 -123.31602372653465 247
1623844870193 -131.21614170824046 248
1623844885025 -100.63840795645844 249
1623844902057 -119.0795393411155 250
1623844919916 -131.696336830766 251
1623844937711 -144.63766476501064 252
1623844952224 -125.50055397860756 253
1623844967190 -89.38509666383224 254
1623844984912 -136.95100948268365 255
1623845000436 -126.6241566241274 256
1623845017302 -140.01745971386177 257
1623845032563 -93.8485891253151 258
1623845050718 -102.73910472100414 259
1623845065773 -126.76756263269912 260
1623845081349 -136.4764747107848 261
1623845098302 -103.49237035160085 262
1623845113367 -118.61742897647932 263
1623845127705 -119.73287975855243 264
1623845146503 -133.44362891666535 265
1623845160787 -134.76113476716623 266
1623845177709 -143.1002630885432 267
1623845194098 -123.29833273809359 268
1623845211389 -108.90290142018539 269
1623845228010 -132.59674203936973 270
1623845242466 -136.18306849860895 271
1623845258270 -144.68641661916115 272
1623845273606 -134.05635174312246 273
1623845289827 -136.423915639092 274
1623845304659 -130.3691414722748 275
1623845319141 -125.23399438132587 276
1623845335238 -151.45376130736668 277
1623845351231 -123.0760194156513 278
1623845366727 -123.08048264849725 279
1623845383040 -93.67448763605475 280
1623845397764 -135.67030123275538 281
1623845414111 -153.88603718401816 282
1623845430655 -89.14861330791592 283
1623845446195 -109.18277326344871 284
1623845462683 -139.93553584753943 285
1623845478572 -143.60626793704202 286
1623845493663 -135.5068568102288 287
1623845508928 -123.58625265515006 288
1623845525267 -118.6535428021069 289
1623845542059 -97.40735554118932 290
1623845557997 -131.48608248903776 291
1623845574183 -118.88341590656836 292
1623845591947 -127.74144795623148 293
1623845608194 -156.66372620180218 294
1623845625142 -106.65296620317363 295
1623845642200 -131.1018910179654 296
1623845659595 -142.56204217444275 297
1623845676936 -89.34630045882196 298
1623845692673 -112.80380058410428 299
1623845708530 -149.30304499677374 300
1623845724189 -101.05739036719278 301
1623845741838 -139.0777505223077 302
1623845758042 -153.7273533658822 303
1623845773442 -123.86440763032385 304
1623845788977 -140.79731950588123 305
1623845804641 -121.98250738801836 306
1623845819713 -135.6962954875616 307
1623845834240 -124.55106593436311 308
1623845848982 -140.56696481573735 309
1623845866002 -134.98934533994182 310
1623845882667 -137.87846832769688 311
1623845898554 -127.06697224241002 312
1623845914229 -143.72784282038296 313
1623845931373 -113.57026418513004 314
1623845948204 -134.43485635279444 315
1623845963307 -135.92654263944667 316
1623845980159 -114.553312913149 317
1623845996400 -139.14529448724204 318
1623846012400 -152.9357617418968 319
1623846029889 -128.24215228055058 320
1623846046420 -130.04614782718804 321
1623846061271 -129.1138841014326 322
1623846075929 -97.71409009268069 323
1623846090341 -128.60352828591243 324
1623846110637 -113.17067911046678 325
1623846126475 -134.0843667756669 326
1623846140814 -129.9894573114451 327
1623846157517 -138.27690607614812 328
1623846173737 -133.6711100515948 329
1623846190329 -127.42415192428612 330
1623846206252 -141.0439611708194 331
1623846223326 -131.9992421623556 332
1623846240231 -122.85177959167628 333
1623846255092 -123.0432899259616 334
1623846270135 -117.87919541319812 335
1623846286029 -103.97817924156521 336
1623846299664 -105.95858730659984 337
1623846315316 -138.7040988637885 338
1623846332758 -148.78849410048062 339
1623846349252 -138.94812533609013 340
1623846367371 -133.14993999793663 341
1623846384999 -149.4253955840166 342
1623846401426 -129.64354758027727 343
1623846416710 -129.8051185647287 344
1623846433835 -128.50765411631986 345
1623846449287 -125.83183806631497 346
1623846463628 -120.54751044493058 347
1623846479765 -133.66149807024482 348
1623846497614 -138.56253678826488 349
1623846512829 -112.6409345663414 350
1623846526855 -121.44169370927452 351
1623846542583 -134.55274977290662 352
1623846558290 -143.2863037034374 353
1623846574695 -144.6968186153899 354
1623846591425 -130.72269655656234 355
1623846608051 -129.26220183353314 356
1623846622934 -114.05313065764375 357
1623846638304 -133.21711623599566 358
1623846654279 -137.08767631741787 359
1623846670260 -143.534109762918 360
1623846685283 -127.4528387677177 361
1623846700317 -148.62130379765208 362
1623846714862 -121.35209648852482 363
1623846731123 -136.34121607269918 364
1623846746064 -158.30457881267424 365
1623846760210 -107.14586529335787 366
1623846775653 -142.60114341826878 367
1623846791340 -125.9332592386886 368
1623846807203 -155.85657083528008 369
1623846822536 -138.03259033317815 370
1623846839753 -148.2475361869064 371
1623846856137 -156.76786884388866 372
1623846872996 -157.0546838692899 373
1623846890648 -130.1012000367064 374
1623846906048 -128.40391125136236 375
1623846921729 -130.4946796787919 376
1623846938629 -152.89863899216277 377
1623846955517 -126.45329777551461 378
1623846971678 -131.44889165522986 379
1623846987444 -117.64012027342244 380
1623847002618 -130.33124997143693 381
1623847019759 -112.54815973208677 382
1623847034953 -106.61560919750265 383
1623847051726 -137.62795261615418 384
1623847070016 -167.4757961609025 385
1623847086004 -156.47986547980864 386
1623847101193 -133.23252347140075 387
1623847118432 -135.72570215389717 388
1623847132863 -127.27851390003842 389
1623847149002 -84.95313125653587 390
1623847165995 -119.28665935287349 391
1623847180258 -137.45961891605043 392
1623847194794 -114.55143063049881 393
1623847208929 -124.61655637729153 394
1623847224184 -132.9806756339051 395
1623847237921 -131.40043876197467 396
1623847254642 -139.28533049589362 397
1623847269343 -145.20517416323548 398
1623847286451 -160.90913284427424 399
