1623840871098 -94.92805647726335 0
1623840893468 -94.92805647726335 1
1623840911299 -121.34307582369846 2
1623840926832 -128.5080238165022 3
1623840944315 -110.21510972104844 4
1623840962190 -110.21510972104844 5
1623840978434 -119.72343147585268 6
1623840995645 -115.57263637908834 7
1623841013773 -115.57263637908834 8
1623841029686 -160.33338237882884 9
1623841043425 -113.17471735399984 10
1623841060794 -103.22518007505803 11
1623841077101 -103.22518007505803 12
1623841093049 -111.40893756527592 13
1623841109015 -138.4038253755258 14
1623841126097 -153.69979821144324 15
1623841140522 -128.6475540040338 16
1623841155108 -128.6475540040338 17
1623841170072 -155.06149677300948 18
1623841184828 -146.8744536407068 19
1623841201813 -146.8744536407068 20
1623841218594 -138.88448858954183 21
1623841235484 -122.40490746238348 22
1623841249598 -114.30520181080456 23
1623841265685 -114.30520181080456 24
1623841281236 -160.422733304181 25
1623841297666 -140.03101579813594 26
1623841314253 -128.19689655980292 27
1623841330021 -128.19689655980292 28
1623841346293 -121.53560036685317 29
1623841362110 -116.74923202093748 30
1623841378188 -116.74923202093748 31
1623841392900 -124.3618093371504 32
1623841410267 -117.84826508466381 33
1623841426070 -117.84826508466381 34
1623841441459 -125.44518014051137 35
1623841459333 -124.3085873029856 36
1623841474720 -124.3085873029856 37
1623841492522 -89.94854455755977 38
1623841507506 -89.94854455755977 39
1623841525188 -134.11522285598764 40
1623841541448 -120.59040365493692 41
1623841557538 -111.45303534882336 42
1623841574505 -111.45303534882336 43
1623841590307 -141.46004094391304 44
1623841606252 -115.67400527545908 45
1623841622191 -115.67400527545908 46
1623841637810 -128.0874806345114 47
1623841652925 -132.02263275763147 48
1623841667639 -129.3696291342322 49
1623841683895 -120.51138186056521 50
1623841702519 -104.55892412339259 51
1623841717825 -104.55892412339259 52
1623841735252 -109.7255762681712 53
1623841751960 -136.5441845923118 54
1623841768254 -110.68475658990455 55
1623841783957 -101.5286874126233 56
1623841800743 -101.5286874126233 57
1623841816047 -145.1973679891902 58
1623841834031 -114.47958731930035 59
1623841849228 -114.47958731930035 60
1623841863382 -122.57511708640975 61
1623841880063 -122.57511708640975 62
1623841895976 -138.14023279498838 63
1623841911108 -123.8708719208294 64
1623841927396 -123.8708719208294 65
1623841942764 -134.06051091120221 66
1623841956878 -120.12411726004237 67
1623841972981 -120.12411726004237 68
1623841988655 -110.88151091413681 69
1623842003620 -110.88151091413681 70
1623842020058 -134.10185427518226 71
1623842037066 -131.4492495866568 72
1623842052644 -131.4492495866568 73
1623842068711 -135.5571080292673 74
1623842085716 -125.62109020544781 75
1623842101315 -125.62109020544781 76
1623842115950 -126.6352037287348 77
1623842131022 -138.82361471352473 78
1623842147554 -138.82361471352473 79
1623842163345 -147.43961849823353 80
1623842179617 -150.57100515846702 81
1623842194312 -134.176471337157 82
1623842210763 -134.176471337157 83
1623842226336 -126.11121467397899 84
1623842243232 -109.59093339101858 85
1623842261673 -109.59093339101858 86
1623842276435 -140.76605718459876 87
1623842291800 -119.79778652564774 88
1623842309057 -119.79778652564774 89
1623842324535 -131.30868390856958 90
1623842339266 -124.85709331046057 91
1623842355658 -124.85709331046057 92
1623842369952 -139.61072900716505 93
1623842388075 -144.50082009207603 94
1623842404648 -142.7793696812446 95
1623842420636 -136.84403651145323 96
1623842437186 -131.8128189941753 97
1623842450809 -112.30865339173253 98
1623842467551 -112.30865339173253 99
1623842484191 -103.34835634116 100
1623842499573 -103.34835634116 101
1623842516116 -127.75779954494934 102
1623842531839 -140.3385492758276 103
1623842548055 -120.28058976800715 104
1623842564791 -120.28058976800715 105
1623842580912 -124.0743991760601 106
1623842596721 -124.49310031804262 107
1623842611861 -124.49310031804262 108
1623842629409 -130.28141520810414 109
1623842646281 -153.5998397417396 110
1623842663089 -148.88692532561464 111
1623842679449 -137.22655230181218 112
1623842695981 -137.22655230181218 113
1623842710519 -136.99812578712536 114
1623842726965 -136.99812578712536 115
1623842743523 -120.35432165610241 116
1623842757734 -120.35432165610241 117
1623842773814 -109.63978437036303 118
1623842791335 -109.63978437036303 119
1623842806892 -132.7946298907857 120
1623842822235 -132.7946298907857 121
1623842839083 -145.64665289813706 122
1623842854311 -109.84007492657425 123
1623842870479 -109.84007492657425 124
1623842884720 -128.2413311312206 125
1623842902496 -116.47237867141652 126
1623842918033 -116.47237867141652 127
1623842934347 -117.52400820622236 128
1623842949855 -117.52400820622236 129
1623842965180 -119.81799795941947 130
1623842982219 -119.81799795941947 131
1623843000742 -122.53531388368901 132
1623843016310 -122.53531388368901 133
1623843032973 -122.0265112434162 134
1623843048107 -119.13244874272284 135
1623843064165 -119.13244874272284 136
1623843080552 -120.06495981694643 137
1623843096436 -120.06495981694643 138
1623843112576 -133.16660275611574 139
1623843129710 -96.82659424054518 140
1623843145930 -96.82659424054518 141
1623843161569 -121.51062809065984 142
1623843178934 -130.17584156838578 143
1623843195837 -131.99348041984712 144
1623843211951 -131.99348041984712 145
1623843226336 -135.9143544266746 146
1623843244447 -135.9143544266746 147
1623843261983 -130.17374886852377 148
1623843278157 -122.48003428788692 149
1623843293136 -122.48003428788692 150
1623843311891 -120.2367600925514 151
1623843326264 -86.33228954414929 152
1623843341580 -86.33228954414929 153
1623843355199 -111.63071523880278 154
1623843373516 -111.63071523880278 155
1623843389988 -107.39154519773129 156
1623843406538 -107.39154519773129 157
1623843421683 -100.51061029998547 158
1623843437018 -100.51061029998547 159
1623843452782 -148.52622033049016 160
1623843468290 -154.24883089605387 161
1623843484533 -104.9495345347311 162
1623843498567 -104.9495345347311 163
1623843514291 -131.3407591913911 164
1623843529677 -131.3407591913911 165
1623843546045 -117.84740057883573 166
1623843560534 -117.84740057883573 167
1623843577650 -127.34580351207069 168
1623843595299 -114.58606312821618 169
1623843612034 -114.58606312821618 170
1623843628313 -128.05707389786645 171
1623843644659 -112.79562700956942 172
1623843660767 -112.79562700956942 173
1623843676060 -105.49218791880976 174
1623843691343 -105.49218791880976 175
1623843708076 -114.07145058684046 176
1623843724071 -114.07145058684046 177
1623843740563 -135.0118619728018 178
1623843756279 -111.35520430472673 179
1623843772060 -111.35520430472673 180
1623843787943 -133.03143949534933 181
1623843802633 -126.5267292401725 182
1623843818905 -126.5267292401725 183
1623843834184 -124.20292849265893 184
1623843848440 -124.20292849265893 185
1623843862624 -93.27849072347394 186
1623843879866 -93.27849072347394 187
1623843895726 -99.24381005665421 188
1623843911180 -128.73584620150177 189
1623843927221 -124.04349966242103 190
1623843943386 -124.04349966242103 191
1623843959523 -123.67648709632715 192
1623843976265 -123.67648709632715 193
1623843992896 -113.85400149259985 194
1623844010194 -113.85400149259985 195
1623844027804 -107.2021092070675 196
1623844045306 -107.2021092070675 197
1623844062171 -110.19388899974766 198
1623844079208 -127.43838246073206 199
1623844094272 -97.9663730906112 200
1623844109397 -97.9663730906112 201
1623844124920 -122.84938342064913 202
1623844139086 -121.23285995987683 203
1623844155599 -121.23285995987683 204
1623844174034 -146.1763819283273 205
1623844189520 -138.23400435342973 206
1623844204843 -113.68049730973489 207
1623844221791 -113.68049730973489 208
1623844239982 -158.45924924840648 209
1623844256867 -132.11992453095644 210
1623844274026 -132.11992453095644 211
1623844289165 -131.17133530973322 212
1623844304373 -122.14406775800072 213
1623844322019 -122.14406775800072 214
1623844338088 -105.37086335062536 215
1623844353874 -105.37086335062536 216
1623844369908 -116.78499169824349 217
1623844384520 -120.825592307113 218
1623844401260 -120.825592307113 219
1623844418318 -102.95696440446804 220
1623844436245 -102.95696440446804 221
1623844450020 -135.0052421647537 222
1623844466199 -117.96489135933946 223
1623844483799 -117.96489135933946 224
1623844501611 -141.4662952566964 225
1623844516488 -141.4662952566964 226
1623844532260 -124.67005549180321 227
1623844547094 -124.67005549180321 228
1623844564199 -140.2877772047988 229
1623844581044 -156.24532493489656 230
1623844596533 -138.79929495659184 231
1623844611392 -138.79929495659184 232
1623844627205 -118.58477257826965 233
1623844643026 -118.58477257826965 234
1623844658365 -122.25484803590825 235
1623844675759 -122.25484803590825 236
1623844691318 -129.00662371136 237
1623844708657 -151.26288432196148 238
1623844724799 -147.6003227965109 239
1623844741698 -147.6003227965109 240
1623844757899 -149.6500444236463 241
1623844772173 -93.32137350087866 242
1623844786469 -93.32137350087866 243
1623844802819 -124.66340438048528 244
1623844821497 -124.6898958467178 245
1623844837873 -113.00226577720555 246
1623844853390 -113.00226577720555 247
1623844870218 -125.89446321386711 248
1623844885048 -100.63840795645842 249
1623844902080 -100.63840795645842 250
1623844919937 -123.68982218727974 251
1623844937733 -133.6979654916373 252
1623844952247 -125.5005539786077 253
1623844967213 -89.3850966638324 254
1623844984935 -89.3850966638324 255
1623845000458 -126.62415662412721 256
1623845017326 -126.62415662412721 257
1623845032586 -93.84102445784849 258
1623845050741 -93.84102445784849 259
1623845065795 -104.96181003070873 260
1623845081372 -132.0461752516414 261
1623845098325 -103.30320733642984 262
1623845113389 -103.49428108912771 263
1623845127728 -119.7328797585526 264
1623845146527 -119.7328797585526 265
1623845160810 -134.76113476716597 266
1623845177733 -134.76113476716597 267
1623845194121 -123.29833273809382 268
1623845211412 -108.90290142018532 269
1623845228033 -108.90290142018532 270
1623845242489 -136.1830684986091 271
1623845258294 -136.1830684986091 272
1623845273629 -134.05635174312278 273
1623845289850 -134.05635174312278 274
1623845304682 -130.36914147227495 275
1623845319164 -125.23399438132601 276
1623845335261 -125.23399438132601 277
1623845351254 -123.07601941565103 278
1623845366751 -123.07601941565103 279
1623845383062 -93.67448763605485 280
1623845397787 -93.67448763605485 281
1623845414134 -146.16925463193084 282
1623845430677 -89.14861330791585 283
1623845446217 -89.14861330791585 284
1623845462706 -114.19131325233202 285
1623845478594 -143.60626793704176 286
1623845493686 -135.50685681022884 287
1623845508951 -123.58625265515025 288
1623845525290 -118.65354280210666 289
1623845542082 -97.4073555411893 290
1623845558021 -97.4073555411893 291
1623845574207 -118.8834159065686 292
1623845591972 -118.8834159065686 293
1623845608218 -129.955955968647 294
1623845625165 -106.65296620317379 295
1623845642223 -106.65296620317379 296
1623845659618 -137.21412222166313 297
1623845676959 -89.34630045882193 298
1623845692697 -89.34630045882193 299
1623845708553 -118.66817561542493 300
1623845724212 -101.05739036719292 301
1623845741863 -101.05739036719292 302
1623845758065 -148.58284056108639 303
1623845773465 -123.86440763032371 304
1623845788999 -123.86440763032371 305
1623845804665 -121.98250738801843 306
1623845819736 -121.98250738801843 307
1623845834264 -124.55106593436298 308
1623845849005 -124.55106593436298 309
1623845866025 -134.98934533994185 310
1623845882689 -134.98934533994185 311
1623845898577 -127.065307369212 312
1623845914251 -127.065307369212 313
1623845931396 -113.57026418513013 314
1623845948227 -113.57026418513013 315
1623845963330 -135.9265426394464 316
1623845980183 -114.55331291314883 317
1623845996425 -114.55331291314883 318
1623846012424 -145.2932898807656 319
1623846029912 -128.24215228055036 320
1623846046444 -128.24215228055036 321
1623846061294 -129.1138841014324 322
1623846075952 -97.71409009268086 323
1623846090365 -97.71409009268086 324
1623846110661 -113.17067911046688 325
1623846126498 -113.17067911046688 326
1623846140837 -129.9894573114449 327
1623846157542 -129.9894573114449 328
1623846173760 -133.67111005159455 329
1623846190353 -127.42415192428643 330
1623846206275 -127.42415192428643 331
1623846223350 -131.99924216235564 332
1623846240255 -115.76045291764277 333
1623846255115 -115.76045291764277 334
1623846270158 -117.87919541319829 335
1623846286052 -103.97817924156539 336
1623846299687 -101.94859932447105 337
1623846315341 -106.47905907182226 338
1623846332782 -146.76035881178038 339
1623846349276 -138.9481253360904 340
1623846367394 -133.14993999793668 341
1623846385022 -133.14993999793668 342
1623846401450 -129.64354758027713 343
1623846416735 -129.64354758027713 344
1623846433859 -128.50765411631994 345
1623846449311 -125.83183806631499 346
1623846463652 -120.54751044493051 347
1623846479789 -120.54751044493051 348
1623846497637 -136.93999497657305 349
1623846512853 -112.64093456634126 350
1623846526878 -112.64093456634126 351
1623846542607 -123.641883495008 352
1623846558314 -137.28046634238103 353
1623846574718 -144.6968186153898 354
1623846591449 -130.72269655656228 355
1623846608076 -129.26220183353297 356
1623846622959 -114.05313065764385 357
1623846638327 -114.05313065764385 358
1623846654303 -137.0876763174178 359
1623846670284 -137.0876763174178 360
1623846685307 -127.45283876771741 361
1623846700341 -127.45283876771741 362
1623846714888 -121.35209648852499 363
1623846731147 -121.35209648852499 364
1623846746088 -140.0884959687425 365
1623846760236 -107.14586529335774 366
1623846775678 -107.14586529335774 367
1623846791364 -125.93325923868852 368
1623846807227 -125.93325923868852 369
1623846822560 -138.03259033317823 370
1623846839778 -138.03259033317823 371
1623846856162 -150.80127265033838 372
1623846873021 -157.0546838692901 373
1623846890673 -130.1012000367065 374
1623846906072 -128.4039112513625 375
1623846921753 -119.76419548703464 376
1623846938653 -119.76419548703464 377
1623846955541 -119.76231570568318 378
1623846971702 -121.68056731862175 379
1623846987468 -108.63185994804675 380
1623847002641 -117.73111280196176 381
1623847019784 -112.53571203651272 382
1623847034977 -104.16666208423558 383
1623847051751 -106.64034603703064 384
1623847070040 -145.3748542609347 385
1623847086029 -156.47986547980844 386
1623847101218 -133.23252347140055 387
1623847118456 -133.23252347140055 388
1623847132887 -127.27851390003825 389
1623847149027 -84.9531312565357 390
1623847166019 -84.9531312565357 391
1623847180284 -127.8700413769578 392
1623847194818 -114.55143063049861 393
1623847209008 -114.55143063049861 394
1623847224208 -127.13283781398995 395
1623847237946 -131.40043876197439 396
1623847254668 -131.40043876197439 397
1623847269371 -141.25655342937318 398
1623847286475 -146.19232934670123 399
