1623840871061 -1595.209951498875 0
1623840893431 -575.9317286578432 1
1623840911263 -129.2771134383865 2
1623840926789 -138.2883689716004 3
1623840944274 -110.39998006105434 4
1623840962151 -119.72343147585268 5
1623840978396 -152.32283334667434 6
1623840995591 -116.32419013649492 7
1623841013733 -167.12930876972916 8
1623841029648 -160.33338237882884 9
1623841043384 -113.17471735399984 10
1623841060752 -106.17840601674729 11
1623841077061 -111.40893756527592 12
1623841093007 -138.4038253755258 13
1623841108975 -153.69979821144324 14
1623841126060 -158.81586126261388 15
1623841140483 -128.6475540040338 16
1623841155065 -155.06149677300948 17
1623841170034 -160.0067705754407 18
1623841184790 -146.8744536407068 19
1623841201773 -154.170526873837 20
1623841218554 -138.88448858954183 21
1623841235445 -122.40490746238348 22
1623841249557 -114.30520181080456 23
1623841265645 -160.422733304181 24
1623841281198 -171.86020478653404 25
1623841297624 -140.03101579813594 26
1623841314212 -134.33997431433204 27
1623841329981 -155.53292757626224 28
1623841346252 -138.10835857533095 29
1623841362069 -138.10835857533095 30
1623841378146 -138.6060075177728 31
1623841392861 -124.3618093371504 32
1623841410227 -117.84826508466381 33
1623841426031 -144.34237181043017 34
1623841441417 -125.44518014051137 35
1623841459294 -125.51075327034239 36
1623841474680 -153.77789475498363 37
1623841492481 -89.94854455755977 38
1623841507467 -134.11522285598764 39
1623841525147 -180.43751463798955 40
1623841541407 -120.59040365493692 41
1623841557499 -111.45303534882336 42
1623841574467 -141.46004094391304 43
1623841590266 -144.062925769 44
1623841606211 -115.67400527545908 45
1623841622148 -128.0874806345114 46
1623841637770 -132.02263275763147 47
1623841652885 -132.08511842654937 48
1623841667599 -129.3696291342322 49
1623841683854 -120.51138186056521 50
1623841702478 -104.55892412339259 51
1623841717787 -109.7255762681712 52
1623841735213 -136.5441845923118 53
1623841751919 -170.80155118293087 54
1623841768214 -110.68475658990455 55
1623841783911 -101.5286874126233 56
1623841800703 -145.1973679891902 57
1623841816008 -150.60108556951144 58
1623841833990 -114.47958731930035 59
1623841849187 -135.85319339719985 60
1623841863342 -122.57511708640975 61
1623841880022 -147.77340963886886 62
1623841895936 -138.14023279498838 63
1623841911066 -123.8708719208294 64
1623841927355 -134.06051091120221 65
1623841942723 -136.3419359304019 66
1623841956838 -120.12411726004237 67
1623841972939 -126.46733547578364 68
1623841988615 -110.88151091413681 69
1623842003579 -134.78047278249136 70
1623842020019 -134.10185427518226 71
1623842037025 -131.4492495866568 72
1623842052602 -135.5571080292673 73
1623842068670 -158.56101634285517 74
1623842085676 -125.62109020544781 75
1623842101274 -126.6352037287348 76
1623842115908 -139.41487586367063 77
1623842130982 -138.82361471352473 78
1623842147513 -147.43961849823353 79
1623842163302 -150.57100515846702 80
1623842179577 -170.48207333967233 81
1623842194271 -134.176471337157 82
1623842210722 -169.22144583676686 83
1623842226295 -126.11121467397899 84
1623842243190 -109.59093339101858 85
1623842261630 -192.2140616248556 86
1623842276394 -140.76605718459876 87
1623842291758 -119.79778652564774 88
1623842309013 -132.75669118876885 89
1623842324493 -131.30868390856958 90
1623842339226 -124.85709331046057 91
1623842355618 -139.61072900716505 92
1623842369910 -144.50082009207603 93
1623842388034 -170.8369911938496 94
1623842404606 -142.7793696812446 95
1623842420593 -136.84403651145323 96
1623842437143 -131.8128189941753 97
1623842450767 -112.30865339173253 98
1623842467508 -124.1310292819862 99
1623842484150 -103.34835634116 100
1623842499532 -127.75779954494934 101
1623842516073 -140.3385492758276 102
1623842531798 -153.0217989727877 103
1623842548013 -120.28058976800715 104
1623842564749 -124.0743991760601 105
1623842580871 -131.9798457514364 106
1623842596679 -124.49310031804262 107
1623842611819 -130.28141520810414 108
1623842629367 -175.2996393354916 109
1623842646239 -153.5998397417396 110
1623842663046 -148.88692532561464 111
1623842679408 -137.22655230181218 112
1623842695938 -142.7834045841316 113
1623842710477 -136.99812578712536 114
1623842726921 -143.19996140651767 115
1623842743481 -120.35432165610241 116
1623842757691 -134.4570874070894 117
1623842773770 -109.63978437036303 118
1623842791291 -150.77686022299284 119
1623842806850 -132.7946298907857 120
1623842822194 -145.64665289813706 121
1623842839041 -174.50221991517083 122
1623842854266 -109.84007492657425 123
1623842870439 -131.44602830472076 124
1623842884679 -128.2413311312206 125
1623842902453 -116.47237867141652 126
1623842917992 -143.81853120404983 127
1623842934304 -117.52400820622236 128
1623842949812 -133.92007125589876 129
1623842965137 -125.37050985942957 130
1623842982176 -122.8312778074611 131
1623843000699 -122.8312778074611 132
1623843016268 -129.59597623462065 133
1623843032931 -122.0265112434162 134
1623843048064 -119.13244874272284 135
1623843064124 -149.6596611299588 136
1623843080510 -120.06495981694643 137
1623843096393 -133.16660275611574 138
1623843112534 -146.33333979208106 139
1623843129668 -96.82659424054518 140
1623843145883 -121.51062809065984 141
1623843161527 -130.17584156838578 142
1623843178893 -209.95439980643832 143
1623843195794 -131.99348041984712 144
1623843211907 -153.12014930371703 145
1623843226294 -135.9143544266746 146
1623843244404 -152.35126151936873 147
1623843261940 -130.17374886852377 148
1623843278112 -122.48003428788692 149
1623843293093 -144.40003965662734 150
1623843311848 -120.2367600925514 151
1623843326217 -86.33228954414929 152
1623843341535 -138.96589950177793 153
1623843355157 -111.63071523880278 154
1623843373472 -181.74714726013673 155
1623843389946 -107.39154519773129 156
1623843406495 -160.95980440291532 157
1623843421639 -100.51061029998547 158
1623843436977 -148.52622033049016 159
1623843452740 -170.0542962445602 160
1623843468247 -154.24883089605387 161
1623843484488 -112.64456568258927 162
1623843498526 -133.73653969091242 163
1623843514249 -131.3407591913911 164
1623843529635 -137.38250024585545 165
1623843546003 -117.84740057883573 166
1623843560490 -130.921568239615 167
1623843577606 -127.34580351207069 168
1623843595257 -114.58606312821618 169
1623843611990 -128.05707389786645 170
1623843628270 -148.634314684609 171
1623843644616 -112.79562700956942 172
1623843660724 -133.20126959868972 173
1623843676018 -105.49218791880976 174
1623843691299 -146.98770956494775 175
1623843708030 -114.07145058684046 176
1623843724027 -135.0118619728018 177
1623843740521 -137.43126002745802 178
1623843756236 -111.35520430472673 179
1623843772016 -148.33514425868503 180
1623843787898 -133.03143949534933 181
1623843802589 -126.5267292401725 182
1623843818863 -148.40355976788726 183
1623843834141 -124.20292849265893 184
1623843848396 -124.83144319863649 185
1623843862579 -93.27849072347394 186
1623843879823 -99.24381005665421 187
1623843895680 -143.5043088712263 188
1623843911135 -128.73584620150177 189
1623843927175 -124.04349966242103 190
1623843943341 -161.9988508360671 191
1623843959480 -123.67648709632715 192
1623843976218 -162.06357617596387 193
1623843992852 -113.85400149259985 194
1623844010150 -164.09546619967736 195
1623844027758 -107.2021092070675 196
1623844045262 -110.19388899974766 197
1623844062126 -127.43838246073206 198
1623844079163 -153.0005400409254 199
1623844094224 -97.9663730906112 200
1623844109352 -122.84938342064913 201
1623844124874 -138.72005681669646 202
1623844139042 -121.23285995987683 203
1623844155553 -146.1763819283273 204
1623844173988 -155.50457512216508 205
1623844189477 -138.23400435342973 206
1623844204799 -113.68049730973489 207
1623844221746 -158.51896676885312 208
1623844239937 -158.45924924840648 209
1623844256821 -132.11992453095644 210
1623844273979 -133.43412314573692 211
1623844289120 -131.17133530973322 212
1623844304329 -122.14406775800072 213
1623844321975 -133.76484185342446 214
1623844338044 -105.37086335062536 215
1623844353831 -116.78499169824349 216
1623844369863 -144.08571378115522 217
1623844384473 -120.825592307113 218
1623844401214 -164.6816396899979 219
1623844418273 -102.95696440446804 220
1623844436198 -166.9495207441823 221
1623844449974 -135.0052421647537 222
1623844466155 -118.66500493162566 223
1623844483754 -142.6197826176217 224
1623844501566 -141.4662952566964 225
1623844516441 -149.67779701923405 226
1623844532215 -124.67005549180321 227
1623844547047 -140.2877772047988 228
1623844564151 -163.4005249484609 229
1623844580999 -156.24532493489656 230
1623844596487 -138.79929495659184 231
1623844611347 -139.71151814741202 232
1623844627160 -118.58477257826965 233
1623844642980 -133.0875251838084 234
1623844658321 -122.25484803590825 235
1623844675713 -129.00662371136 236
1623844691272 -151.26288432196148 237
1623844708612 -170.4473484568601 238
1623844724754 -147.6003227965109 239
1623844741654 -171.278582820338 240
1623844757853 -149.6500444236463 241
1623844772129 -93.32137350087866 242
1623844786425 -124.66340438048528 243
1623844802775 -124.6898958467178 244
1623844821452 -134.36930032693346 245
1623844837827 -113.00226577720555 246
1623844853346 -125.89446321386711 247
1623844870167 -132.54656133183397 248
1623844885000 -100.63840795645842 249
1623844902034 -123.68982218727974 250
1623844919893 -133.6979654916373 251
1623844937687 -147.3725895833537 252
1623844952202 -125.5005539786077 253
1623844967168 -89.3850966638324 254
1623844984889 -148.84248768739684 255
1623845000413 -126.62415662412721 256
1623845017277 -143.36578548629504 257
1623845032538 -93.84866553609768 258
1623845050696 -104.96181003070873 259
1623845065749 -132.22118844815333 260
1623845081324 -137.5424839413991 261
1623845098276 -103.49428108912771 262
1623845113344 -122.39821594831744 263
1623845127682 -119.7328797585526 264
1623845146478 -136.8713162061933 265
1623845160763 -134.76113476716597 266
1623845177684 -145.18504516888737 267
1623845194073 -123.29833273809382 268
1623845211366 -108.90290142018532 269
1623845227986 -138.5202021941655 270
1623845242443 -136.1830684986091 271
1623845258247 -146.81225364929878 272
1623845273582 -134.05635174312278 273
1623845289801 -137.01580661308404 274
1623845304635 -130.36914147227495 275
1623845319118 -125.23399438132601 276
1623845335212 -158.00870303887703 277
1623845351209 -123.07601941565103 278
1623845366704 -123.08159845670848 279
1623845383015 -93.67448763605485 280
1623845397739 -146.16925463193084 281
1623845414085 -155.8152328220395 282
1623845430629 -89.14861330791585 283
1623845446171 -114.19131325233202 284
1623845462660 -146.37159149634107 285
1623845478549 -143.60626793704176 286
1623845493638 -135.50685681022884 287
1623845508905 -123.58625265515025 288
1623845525243 -118.65354280210666 289
1623845542035 -97.4073555411893 290
1623845557972 -140.00576422599966 291
1623845574156 -118.8834159065686 292
1623845591924 -129.955955968647 293
1623845608170 -163.3406687600913 294
1623845625119 -106.65296620317379 295
1623845642176 -137.21412222166313 296
1623845659570 -143.89902216263783 297
1623845676913 -89.34630045882193 298
1623845692649 -118.66817561542493 299
1623845708503 -156.96176234211126 300
1623845724165 -101.05739036719292 301
1623845741814 -148.58284056108639 302
1623845758018 -155.01348156708144 303
1623845773419 -123.86440763032371 304
1623845788953 -145.0305474747704 305
1623845804615 -121.98250738801843 306
1623845819689 -139.12474251244706 307
1623845834215 -124.55106593436298 308
1623845848957 -144.57093953608103 309
1623845865978 -134.98934533994185 310
1623845882644 -138.6007490746354 311
1623845898529 -127.23179468901688 312
1623845914204 -147.89347668317598 313
1623845931349 -113.57026418513013 314
1623845948181 -139.65100439471024 315
1623845963283 -135.9265426394464 316
1623845980134 -114.55331291314883 317
1623845996376 -145.2932898807656 318
1623846012375 -154.84637970717944 319
1623846029865 -128.24215228055036 320
1623846046397 -130.49714671384714 321
1623846061246 -129.1138841014324 322
1623846075906 -97.71409009268086 323
1623846090317 -136.32588783422034 324
1623846110612 -113.17067911046688 325
1623846126451 -139.312788691967 326
1623846140790 -129.9894573114449 327
1623846157493 -140.3487682673236 328
1623846173714 -133.67111005159455 329
1623846190303 -127.42415192428643 330
1623846206229 -144.44891348245292 331
1623846223301 -131.99924216235564 332
1623846240205 -122.92340915404043 333
1623846255068 -123.16279707189692 334
1623846270110 -117.87919541319829 335
1623846286005 -103.97817924156539 336
1623846299639 -106.47905907182226 337
1623846315291 -146.76035881178038 338
1623846332733 -149.2955279226559 339
1623846349228 -138.9481253360904 340
1623846367346 -133.14993999793668 341
1623846384975 -153.49425948053704 342
1623846401402 -129.64354758027713 343
1623846416685 -129.84551131084172 344
1623846433811 -128.50765411631994 345
1623846449261 -125.83183806631499 346
1623846463603 -120.54751044493051 347
1623846479740 -136.93999497657305 348
1623846497590 -138.96817224118777 349
1623846512804 -112.64093456634126 350
1623846526829 -123.641883495008 351
1623846542558 -137.28046634238103 352
1623846558264 -144.78776304370152 353
1623846574670 -144.6968186153898 354
1623846591399 -130.72269655656228 355
1623846608024 -129.26220183353297 356
1623846622908 -114.05313065764385 357
1623846638278 -138.00811263058387 358
1623846654254 -137.0876763174178 359
1623846670233 -145.1457181242928 360
1623846685258 -127.45283876771741 361
1623846700292 -153.91342005513528 362
1623846714838 -121.35209648852499 363
1623846731098 -140.0884959687425 364
1623846746040 -162.85859952365723 365
1623846760186 -107.14586529335774 366
1623846775628 -151.46496294949694 367
1623846791315 -125.93325923868852 368
1623846807178 -163.33739873442826 369
1623846822513 -138.03259033317823 370
1623846839727 -150.80127265033838 371
1623846856111 -158.25951789227597 372
1623846872971 -157.0546838692901 373
1623846890622 -130.1012000367065 374
1623846906020 -128.4039112513625 375
1623846921704 -131.1598170552522 376
1623846938604 -158.4757897459934 377
1623846955491 -126.52088345298785 378
1623846971653 -132.74139765747017 379
1623846987418 -117.73111280196176 380
1623847002592 -133.48128426380575 381
1623847019734 -113.78048159390724 382
1623847034926 -106.64034603703064 383
1623847051699 -145.3748542609347 384
1623847069990 -173.0010316358942 385
1623847085978 -156.47986547980844 386
1623847101168 -133.23252347140055 387
1623847118406 -136.34899682452152 388
1623847132835 -127.27851390003825 389
1623847148975 -84.9531312565357 390
1623847165971 -127.8700413769578 391
1623847180228 -139.99251661649282 392
1623847194766 -114.55143063049861 393
1623847208901 -127.13283781398995 394
1623847224159 -134.4426350888835 395
1623847237896 -131.40043876197439 396
1623847254615 -141.25655342937318 397
1623847269318 -146.19232934670123 398
1623847286425 -164.58833371866712 399
