1623782553601 -525.678558169396 0
1623782582633 -121.38035137462289 1
1623782604236 -107.1268626175911 2
1623782623795 -102.73389503967371 3
1623782645169 -105.0208679012551 4
1623782667393 -140.0103156850784 5
1623782691173 -121.66617718528688 6
1623782714161 -115.05586878735038 7
1623782736663 -130.20811073894157 8
1623782757720 -51.0080735508499 9
1623782781184 -86.14903530802765 10
1623782805354 -75.5974183125515 11
1623782827719 -92.01940955350767 12
1623782851849 -105.6277658956683 13
1623782878335 -85.03096335842838 14
1623782904943 -106.97829619989363 15
1623782931015 -77.75307071612114 16
1623782954247 -83.24842859043882 17
1623782981488 -56.97285267462652 18
1623783007709 -69.72480204172133 19
1623783037334 -80.21480351774603 20
1623783066097 -78.03274551725009 21
1623783095993 -43.352568977491764 22
1623783126973 -42.26312067334776 23
1623783154038 -82.66536971306392 24
1623783183380 -103.07315846656189 25
1623783209431 -94.56929259382656 26
1623783230263 -72.65130574585342 27
1623783254504 -84.2048407003428 28
1623783280120 -86.61927912706105 29
1623783303302 -90.57834481551954 30
1623783327803 -43.22330613143098 31
1623783359849 -84.85971325891666 32
1623783389089 -37.25218686885432 33
1623783417047 -37.91199183116548 34
1623783444385 -57.757324427315574 35
1623783474676 -68.12131289511636 36
1623783504468 -127.098408057855 37
1623783531272 -100.48979445829922 38
1623783557754 -61.01065782228158 39
1623783580797 -48.14622471313603 40
1623783610579 -67.32362339325904 41
1623783640355 -52.42923685703695 42
1623783666483 -38.53133172533087 43
1623783707075 -13.714999848655742 44
1623783733716 -76.8548233616739 45
1623783765045 -62.62522152358789 46
1623783789457 -95.0734265629183 47
1623783814211 -88.613512079281 48
1623783853421 -13.045415067398682 49
1623783890626 -55.05701168272614 50
1623783917427 -92.89884858580288 51
1623783949433 -93.93146512168065 52
1623783980903 -55.8331684525143 53
1623784018395 -70.31633759998708 54
1623784053983 -112.76647307173327 55
1623784084115 -122.87280914966091 56
1623784110599 -84.90177758529215 57
1623784143260 -82.99262109571238 58
1623784177094 -68.56860014276543 59
1623784206613 -60.30566503649392 60
1623784234400 -93.18600946708283 61
1623784268045 -62.502001993213796 62
1623784298077 -78.85559353897938 63
1623784327614 -44.68503840013486 64
1623784359110 -67.54850437618778 65
1623784392547 -76.28233351144385 66
1623784420368 -50.229306636584035 67
1623784449548 -72.86881255082517 68
1623784482244 -48.08254580883008 69
1623784518744 -58.8409513718337 70
1623784551259 -81.03292183205494 71
1623784579361 -92.37150977841183 72
1623784617710 -41.863440236104395 73
1623784651742 3.645022706621059 74
1623784683115 -7.721613977013475 75
1623784709704 -52.6159138317255 76
1623784738027 -96.18705684657466 77
1623784766436 -68.7083142544979 78
1623784798138 -93.46530940778847 79
1623784824947 -115.3591203281407 80
1623784848151 -113.2953231134401 81
1623784881300 -17.93171682906129 82
1623784919898 -39.00314496434181 83
1623784950445 -39.98783574518608 84
1623784979894 -86.58857457367593 85
1623785014817 -40.31787800376269 86
1623785054578 -15.919753267275677 87
1623785090160 -36.046901931003674 88
1623785126731 -66.19429237161417 89
1623785178581 -54.05203187316696 90
1623785229928 -53.74859555022964 91
1623785269650 -57.94271175796165 92
1623785299754 -78.17260588109819 93
1623785334497 -44.79801880430812 94
1623785375884 -70.06106716584674 95
1623785407176 -54.55559007679241 96
1623785434961 -65.37352973863638 97
1623785464529 -85.15831407651758 98
1623785502092 -38.735517123617754 99
1623785528778 -59.8140605935962 100
1623785556373 -59.73506181063668 101
1623785585165 -63.78851228433239 102
1623785613549 -47.464565772334296 103
1623785640875 -55.523417182927815 104
1623785674095 -60.92674473484885 105
1623785703661 -54.247310631257804 106
1623785728410 -61.623889771984885 107
1623785756642 -71.89869180551082 108
1623785794459 -38.69221454403792 109
1623785825603 -45.133087632598574 110
1623785858560 -64.21916354615806 111
1623785897309 -63.83235865782663 112
1623785932921 -76.36528186326021 113
1623785964396 -77.13714418346635 114
1623786011438 -41.60551450482135 115
1623786057717 -51.46197622311486 116
1623786096970 -37.828282931097206 117
1623786150393 -9.001385140603213 118
1623786207991 -17.577155812685454 119
1623786251102 -35.608347225155846 120
1623786297766 -56.51539787272438 121
1623786327985 -60.04689500524907 122
1623786382355 -19.52076630731713 123
1623786421097 -50.04063426212776 124
1623786448473 -93.21626396861174 125
1623786481824 -72.75297632364219 126
1623786524435 -40.17110194473869 127
1623786574012 -42.809287466691785 128
1623786629613 -37.60158024136618 129
1623786670350 -58.002762886991874 130
1623786704384 -72.91532596137621 131
1623786764688 -9.272848416487962 132
1623786801218 -26.222465226969252 133
1623786849155 -52.57300150594853 134
1623786886285 -53.3869201162201 135
1623786931168 -52.88908504722004 136
1623786970376 -61.77646424524467 137
1623787008686 -45.228986629361 138
1623787057494 -5.216282063964967 139
1623787114881 16.378529525770013 140
1623787174768 7.944687765067571 141
1623787219458 -31.85082209394234 142
1623787265047 -67.43462051546997 143
1623787325757 -35.0701147603076 144
1623787389306 -42.70561478250825 145
1623787460000 -52.14756649424254 146
1623787499277 -70.05837540793446 147
1623787549048 -36.14625852214982 148
1623787591915 -32.376203358174386 149
1623787641522 -31.890238096393922 150
1623787692497 -49.94279645578133 151
1623787736774 -64.3402002485896 152
1623787769902 -45.03491207975776 153
1623787827712 -26.829255218157304 154
1623787891457 -10.027814417519869 155
1623787952672 -39.92641597527173 156
1623788028154 -2.807078696483794 157
1623788076604 -39.723647692245784 158
1623788121759 -36.78985075253398 159
1623788168482 -37.172251421027326 160
1623788228229 -40.94254606041829 161
1623788273656 -52.56755432973442 162
1623788316641 -63.48862012727494 163
1623788350798 -58.99594097346971 164
1623788400347 -49.00318130780868 165
1623788436816 -73.94110619244447 166
1623788470432 -89.95884192960803 167
1623788506090 -61.78795510215571 168
1623788544191 -35.863872605284996 169
1623788593015 -12.999986053209843 170
1623788643537 -35.63695758822677 171
1623788692884 -32.27888150624862 172
1623788756755 -34.659073235152285 173
1623788807391 -32.382596021351446 174
1623788856372 -11.73309921013792 175
1623788893664 -17.566362554242097 176
1623788965860 24.125161351408128 177
1623789031006 24.476437157279875 178
1623789097278 10.573046750472841 179
1623789150158 -9.366858209958217 180
1623789204992 4.3436769808952995 181
1623789299466 51.50138206477865 182
1623789349157 -5.433969817046666 183
1623789405824 -32.42945573301428 184
1623789445737 -63.593500168720865 185
1623789505937 -35.79030424583725 186
1623789561154 -6.791509215898313 187
1623789607151 -53.22288139699654 188
1623789660874 -40.46261654759183 189
1623789716518 -11.164842755066212 190
1623789759131 -40.31896099704332 191
1623789795182 -67.66264348122661 192
1623789852636 -40.196268116514496 193
1623789898077 -28.69937096054067 194
1623789943746 -16.556023237978795 195
1623789993080 -45.01952680399595 196
1623790028881 -66.7086134878259 197
1623790062410 -54.96272191672419 198
1623790104999 -48.01932396338569 199
1623790154928 -30.121919838507377 200
1623790193737 -7.957991016868753 201
1623790234785 -13.746577008054299 202
1623790281537 -29.6807512856599 203
1623790311542 -55.826843489406336 204
1623790363005 -46.733119646164 205
1623790404444 -50.35980860189427 206
1623790460813 -31.310133992767998 207
1623790516423 -34.53472828717181 208
1623790602347 17.232801691522262 209
1623790686230 17.96119102403555 210
1623790748531 -3.617468279095789 211
1623790792822 -29.19989437641145 212
1623790855413 -10.885490454457367 213
1623790905139 -18.22109027288669 214
1623790966219 -19.404952767353873 215
1623791015149 -10.416394426075522 216
1623791068324 -12.461176527296614 217
1623791154679 28.461566144375496 218
1623791211039 -6.91012142114407 219
1623791260213 -16.929393404417684 220
1623791318642 -33.71578630728965 221
1623791370161 -41.60550468358274 222
1623791409609 -53.11037573907206 223
1623791472851 -36.45233941633696 224
1623791530785 -36.77395132597793 225
1623791595277 -44.13078003451795 226
1623791638107 -51.03109688607664 227
1623791685217 -36.88807241931897 228
1623791727473 -39.324171127471956 229
1623791797614 32.74219246948302 230
1623791848398 -7.7835832567964305 231
1623791906918 -38.988515297120216 232
1623791969868 2.8401393063746965 233
1623792012818 -13.2417718439501 234
1623792076088 4.243836169324643 235
1623792115321 -17.346281029996266 236
1623792155419 -33.275534228417726 237
1623792197953 -48.51678471513469 238
1623792250681 10.638908100885795 239
1623792309397 2.4335567554303834 240
1623792363308 5.949074891126589 241
1623792446371 44.42262155900971 242
1623792533953 54.38736547680489 243
1623792599132 4.324311005340079 244
1623792668822 -0.7077836408898057 245
1623792736651 36.71437842642507 246
1623792800697 8.698038172234483 247
1623792846428 -40.52873489906976 248
1623792893223 -60.85596500866246 249
1623792947453 -25.8454406982935 250
1623793023896 21.726388570343484 251
1623793061956 -7.755013972772706 252
1623793110059 -35.896862220583195 253
1623793182811 -14.202734134094804 254
1623793221902 -23.51318873984765 255
1623793302007 27.078513831261137 256
1623793361305 9.817585413511535 257
1623793411581 -34.235233829557366 258
1623793456803 -40.76433751067236 259
1623793511436 -21.966342702654998 260
1623793550209 -47.730626982854226 261
1623793592925 -50.90824808647217 262
1623793630412 -53.405136853044425 263
1623793695606 10.714481980772504 264
1623793757099 5.348532888210992 265
1623793796977 -33.11239041828733 266
1623793867156 -16.728381433849126 267
1623793919989 -26.236529314350054 268
1623794011213 44.857186062937906 269
1623794087217 -7.5955192557341915 270
1623794163235 -52.84955126557251 271
1623794214091 -22.928065128050097 272
1623794267801 -21.17438234198814 273
1623794316603 -47.434432680849774 274
1623794373711 -50.74507327006334 275
1623794433933 -25.50431013008556 276
1623794497022 -16.376712491823852 277
1623794573226 9.61037312358154 278
1623794652519 9.228164683214466 279
1623794704265 -6.601636215093345 280
1623794802311 72.82896437845918 281
1623794876640 39.699439211748796 282
1623794931859 -7.454901628522622 283
1623794998320 4.238550027613547 284
1623795082946 41.13274521297115 285
1623795192724 69.63552545990676 286
1623795248262 21.21904223425439 287
1623795302396 4.957901790575844 288
1623795368811 30.851064498371848 289
1623795455890 81.8853771250088 290
1623795546013 36.0274941566415 291
1623795628841 69.68311303185719 292
1623795671432 15.402355725934513 293
1623795718522 -29.56385025901246 294
1623795774937 -5.0655198927382035 295
1623795829381 -15.579675097723552 296
1623795890056 8.75903201142429 297
1623795932859 6.148715007629546 298
1623795987049 -30.200701140204064 299
1623796029014 -23.228353565224797 300
1623796101771 0.8770586519124468 301
1623796154469 -26.837262607269555 302
1623796228404 -26.73261828629674 303
1623796299266 -0.18632378795394353 304
1623796344869 1.2454902383922641 305
1623796390965 -31.781132055661 306
1623796455845 -6.835992414835154 307
1623796501957 -30.992942569581775 308
1623796552635 -20.311916724510155 309
1623796599701 -38.65233532136869 310
1623796656839 23.08566393392726 311
1623796707543 -22.473996550468367 312
1623796745025 -36.60185817187027 313
1623796789471 -36.45122587908474 314
1623796834079 -17.681684874002453 315
1623796873425 -38.27618909106734 316
1623796931299 -34.9561520917416 317
1623796996049 -20.526085736626413 318
1623797068109 -0.20596935928057833 319
1623797120866 -2.654645084907677 320
1623797168687 -26.594135379545286 321
1623797231458 33.14258714716832 322
1623797278694 8.111677114147438 323
1623797346296 24.67517630489003 324
1623797405838 9.379265565126577 325
1623797454569 -15.950546746436887 326
1623797535357 86.52102426796937 327
1623797585065 20.2251842601127 328
1623797658914 12.214725371715094 329
1623797710968 2.973226961984315 330
1623797767488 -12.489180807669122 331
1623797859810 89.65032205445661 332
1623797968721 92.43919043027726 333
1623798059174 52.61292622575909 334
1623798136768 44.75711284600353 335
1623798217280 62.56017540419025 336
1623798278087 17.285290814562956 337
1623798352419 39.06506485542162 338
1623798445943 37.81051535692865 339
1623798505725 38.39517972904434 340
1623798589177 21.068005799028047 341
1623798650549 18.7189640270439 342
1623798725801 46.55703117373502 343
1623798794117 39.95483102724033 344
1623798848887 -16.11737621651623 345
1623798913650 31.64281440645742 346
1623798990399 70.855152630385 347
1623799052583 50.28296962797587 348
1623799129251 55.23402485365864 349
1623799203294 62.119963275328374 350
1623799273300 60.36034317684887 351
1623799342625 39.562706085899265 352
1623799414021 51.82527543294386 353
1623799507512 127.99089090760566 354
1623799587194 128.15635811561566 355
1623799666021 60.06912453278241 356
1623799763334 84.8513099755172 357
1623799881296 67.51169050497458 358
1623799991893 36.39310856785392 359
1623800075357 48.09691648455678 360
1623800157587 46.035112485121 361
1623800232355 36.442891626273706 362
1623800344503 107.02446964884501 363
1623800417882 51.78211705385662 364
1623800511561 81.53541466139613 365
1623800597947 84.39764988277673 366
1623800694841 65.23139028150534 367
1623800765999 30.826326228445392 368
1623800868557 154.41320281053217 369
