1623782553625 -93.8857892188946 0
1623782582652 -93.8857892188946 1
1623782604256 -69.8657275864997 2
1623782623813 -69.8657275864997 3
1623782645189 -63.23544845615911 4
1623782667413 -63.23544845615911 5
1623782691191 -109.80977227235374 6
1623782714180 -71.13916114822217 7
1623782736682 -71.13916114822217 8
1623782757739 -34.06157402498934 9
1623782781204 -37.32920826149781 10
1623782805374 -44.574239112305975 11
1623782827738 -44.574239112305975 12
1623782851868 -86.68697456786671 13
1623782878355 -55.347548616538255 14
1623782904962 -55.347548616538255 15
1623782931036 -46.17121140138436 16
1623782954266 -54.03006416968818 17
1623782981508 -31.848690775090496 18
1623783007730 -31.848690775090496 19
1623783037353 -34.987264301545565 20
1623783066116 -59.98335342131065 21
1623783096014 75.86400848455942 22
1623783126993 2.5198067037968825 23
1623783154057 -22.745165549224048 24
1623783183400 -32.84824570123957 25
1623783209450 -67.75715429503826 26
1623783230283 -46.14860024289944 27
1623783254524 -53.82152415171684 28
1623783280140 -57.06817574830767 29
1623783303322 -57.06817574830767 30
1623783327823 2.1696745066249292 31
1623783359869 -15.587325438006275 32
1623783389107 -2.277364322617575 33
1623783417066 -2.277364322617575 34
1623783444404 -14.111409583935522 35
1623783474695 -41.611343717122345 36
1623783504487 -41.611343717122345 37
1623783531291 -69.06465391354348 38
1623783557774 -22.927410993246152 39
1623783580817 -12.811988336917462 40
1623783610598 -22.93657482712582 41
1623783640375 -26.966545934895635 42
1623783666502 24.588482257294306 43
1623783707094 24.588482257294306 44
1623783733735 0.6285575565923154 45
1623783765066 -43.87314990998779 46
1623783789476 -46.037833737714834 47
1623783814231 -59.56425269499922 48
1623783853443 75.81950147860368 49
1623783890646 44.12039336428974 50
1623783917467 -17.90543449107276 51
1623783949455 -17.90543449107276 52
1623783980923 -5.961735949579397 53
1623784018417 1.0767439184945373 54
1623784054002 -33.637608403116836 55
1623784084135 -47.47078313613461 56
1623784110620 -47.47078313613461 57
1623784143292 -38.348811444272584 58
1623784177139 -8.85027462345434 59
1623784206635 5.419738542486959 60
1623784234424 -33.38952790069037 61
1623784268069 -16.160329897566065 62
1623784298099 -24.216538482911528 63
1623784327635 9.1375561391124 64
1623784359129 3.9490848063537642 65
1623784392566 17.091580552328097 66
1623784420393 17.091580552328097 67
1623784449567 -4.7589411981108585 68
1623784482262 -16.579481167699058 69
1623784518763 -12.71923980853472 70
1623784551278 -12.71923980853472 71
1623784579381 -40.71960105993465 72
1623784617730 31.40795206636261 73
1623784651762 96.07312751835816 74
1623784683136 50.90328109761757 75
1623784709723 31.191638018810625 76
1623784738046 -50.70933420898105 77
1623784766455 -9.265662478970958 78
1623784798159 -40.364406655785764 79
1623784824967 -53.15807212128733 80
1623784848172 -25.780843367690146 81
1623784881319 58.165339520635015 82
1623784919916 58.165339520635015 83
1623784950464 52.96206478154694 84
1623784979913 6.5571802598658335 85
1623785014835 52.09013852803248 86
1623785054597 74.79667230160808 87
1623785090179 52.530791478387684 88
1623785126750 24.19253917360654 89
1623785178600 24.19253917360654 90
1623785229947 8.358783506699485 91
1623785269669 8.358783506699485 92
1623785299773 -24.70227736449077 93
1623785334518 18.30324812286065 94
1623785375903 6.861550939802299 95
1623785407194 -19.42388491022139 96
1623785434983 -19.42388491022139 97
1623785464553 -50.54268202808639 98
1623785502111 39.641491179360045 99
1623785528798 22.506786527336487 100
1623785556393 -38.52705398136601 101
1623785585184 -38.52705398136601 102
1623785613569 -6.166886580287946 103
1623785640893 -6.166886580287946 104
1623785674115 -14.537652662007284 105
1623785703681 19.26907936867228 106
1623785728436 19.26907936867228 107
1623785756662 -59.304299647365895 108
1623785794483 10.123005413358097 109
1623785825624 10.123005413358097 110
1623785858583 4.256911439605597 111
1623785897330 2.4965709547216393 112
1623785932944 2.4965709547216393 113
1623785964416 -9.009113556656791 114
1623786011457 25.08210774343281 115
1623786057738 19.773115324860974 116
1623786096991 21.141309287279917 117
1623786150413 81.19047252710001 118
1623786208013 65.39442369956058 119
1623786251122 65.39442369956058 120
1623786297787 9.19034453142525 121
1623786328006 18.129885269042813 122
1623786382375 110.01345808786114 123
1623786421118 87.28776075365064 124
1623786448494 -31.451265636779702 125
1623786481848 -20.476060023624868 126
1623786524455 -7.33620973187808 127
1623786574034 25.441350537513195 128
1623786629637 34.0892473819971 129
1623786670370 34.0892473819971 130
1623786704408 -16.977504751960772 131
1623786764709 65.8751453336908 132
1623786801240 65.8751453336908 133
1623786849178 7.468356047235687 134
1623786886310 15.679370572092708 135
1623786931192 5.701173945663652 136
1623786970399 -14.985346191916292 137
1623787008708 27.40699163147112 138
1623787057516 58.503157840135124 139
1623787114905 72.39029417439708 140
1623787174790 68.67699254738105 141
1623787219478 70.06888494856362 142
1623787265068 30.980107674806767 143
1623787325778 4.482317387193501 144
1623787389327 10.514575078473479 145
1623787460022 -0.6216705883757158 146
1623787499302 0.9811232683657181 147
1623787549068 34.76181121667819 148
1623787591935 49.81826081778631 149
1623787641543 49.81826081778631 150
1623787692521 55.56287963619003 151
1623787736799 55.56287963619003 152
1623787769925 74.50210421431659 153
1623787827733 74.50210421431659 154
1623787891479 58.88531895235044 155
1623787952692 58.048089001983875 156
1623788028176 118.32301892296854 157
1623788076625 81.15649225320189 158
1623788121780 58.61762746077845 159
1623788168504 34.16007800164239 160
1623788228250 24.216645162698633 161
1623788273678 7.849773255970343 162
1623788316663 -14.11353899588563 163
1623788350820 17.346046206594565 164
1623788400368 62.30046382342571 165
1623788436837 62.30046382342571 166
1623788470453 -15.518457807098708 167
1623788506112 9.76198291877228 168
1623788544214 12.701985267883623 169
1623788593035 90.86310892350376 170
1623788643560 90.86310892350376 171
1623788692906 78.57657907375737 172
1623788756778 28.5608502092689 173
1623788807414 8.696515154410784 174
1623788856394 88.02021661646049 175
1623788893687 88.02021661646049 176
1623788965881 109.6265961422549 177
1623789031028 109.6265961422549 178
1623789097300 118.23970395406317 179
1623789150180 118.23970395406317 180
1623789205013 64.36006191364524 181
1623789299487 129.58844599834765 182
1623789349180 129.58844599834765 183
1623789405847 46.44804589329129 184
1623789445760 42.220795388663454 185
1623789505959 30.994252075754012 186
1623789561177 111.7644748930284 187
1623789607172 109.54279799222017 188
1623789660896 32.29402451629416 189
1623789716539 144.7605307376876 190
1623789759153 57.1754013271286 191
1623789795205 15.071395494833103 192
1623789852658 51.2813585989184 193
1623789898099 51.2813585989184 194
1623789943768 48.201381739138455 195
1623789993103 66.49713704977019 196
1623790028903 66.49713704977019 197
1623790062431 61.72229517292982 198
1623790105021 63.61330777359501 199
1623790154949 62.174560342321726 200
1623790193759 101.0974516743362 201
1623790234807 79.04042784787757 202
1623790281559 44.15597687952743 203
1623790311565 33.243175447108584 204
1623790363026 37.70097554669355 205
1623790404466 37.75256214189625 206
1623790460836 116.49818537434112 207
1623790516444 116.49818537434112 208
1623790602371 140.7619634980267 209
1623790686252 103.73059980683506 210
1623790748554 82.20599901021595 211
1623790792848 64.67860007292992 212
1623790855434 73.32303435047136 213
1623790905164 55.55745062311057 214
1623790966243 82.68820893473678 215
1623791015171 94.9945614695187 216
1623791068346 94.9945614695187 217
1623791154701 105.66236998676595 218
1623791211061 92.6531306912668 219
1623791260235 76.0289869885386 220
1623791318665 51.827907403460856 221
1623791370185 27.28304154060669 222
1623791409631 27.28304154060669 223
1623791472879 28.057002091517404 224
1623791530808 14.384066718651457 225
1623791595300 65.8821182884188 226
1623791638127 65.93715407097825 227
1623791685237 41.52712408147041 228
1623791727494 72.67316844282945 229
1623791797635 149.9635568864268 230
1623791848419 149.9635568864268 231
1623791906941 68.88079111023856 232
1623791969889 99.42626675462763 233
1623792012839 65.42487695657263 234
1623792076109 126.29018589177963 235
1623792115344 84.778579834346 236
1623792155444 66.39276261222119 237
1623792197976 30.362578402272323 238
1623792250703 75.67637104535909 239
1623792309434 71.0585109907096 240
1623792363330 97.54200379007615 241
1623792446392 160.19949065394923 242
1623792533974 160.19949065394923 243
1623792599154 116.2650063851316 244
1623792668843 110.87395528798295 245
1623792736672 152.83768476792562 246
1623792800718 152.83768476792562 247
1623792846450 71.26544649542538 248
1623792893247 50.19085805794621 249
1623792947474 53.17473307705386 250
1623793023917 135.83670760966476 251
1623793061977 135.83670760966476 252
1623793110080 30.942541083284986 253
1623793182832 94.12093800315428 254
1623793221922 94.12093800315428 255
1623793302029 165.7521806652635 256
1623793361326 100.82348636791599 257
1623793411602 78.47077366447671 258
1623793456824 114.81152257053891 259
1623793511457 56.812036478531425 260
1623793550233 31.939725065112004 261
1623793592949 96.93139665252654 262
1623793630434 58.25306737991082 263
1623793695632 118.89457445265239 264
1623793757121 118.89457445265239 265
1623793796998 68.68368458681908 266
1623793867177 68.68368458681908 267
1623793920012 44.91078029629324 268
1623794011235 170.79039847153734 269
1623794087240 170.79039847153734 270
1623794163261 38.38621629300063 271
1623794214116 147.8153145107888 272
1623794267825 147.8153145107888 273
1623794316627 60.6235950387534 274
1623794373735 28.691583653762432 275
1623794433955 50.148109319662275 276
1623794497044 102.84916549440388 277
1623794573247 106.53671249185723 278
1623794652540 106.53671249185723 279
1623794704286 42.840668013743326 280
1623794802332 165.20750784925107 281
1623794876662 146.381553423475 282
1623794931880 81.29678365177645 283
1623794998343 118.53972725542033 284
1623795082972 129.64981285217215 285
1623795192748 191.69157095417947 286
1623795248286 188.85238165844208 287
1623795302419 105.06008533587826 288
1623795368835 135.92221661425666 289
1623795455913 199.80709564530616 290
1623795546037 198.47363315983918 291
1623795628864 167.36068279002757 292
1623795671456 167.36068279002757 293
1623795718545 41.31099777674182 294
1623795774961 51.60754082747123 295
1623795829404 65.70994219761852 296
1623795890081 108.09915557073063 297
1623795932884 108.09915557073063 298
1623795987072 59.135495309298676 299
1623796029040 65.09142151211333 300
1623796101795 84.26042350720066 301
1623796154492 60.148240767333256 302
1623796228428 60.148240767333256 303
1623796299291 119.53559484375042 304
1623796344892 119.53559484375042 305
1623796390988 88.99284890329605 306
1623796455871 69.99896916733513 307
1623796501980 58.07140122381732 308
1623796552659 69.24035461435656 309
1623796599726 17.022275329711402 310
1623796656862 106.40991613942433 311
1623796707566 106.40991613942433 312
1623796745050 34.38582706778929 313
1623796789498 50.37126704745218 314
1623796834104 60.20110920331261 315
1623796873448 30.379777993712857 316
1623796931323 34.22139455505048 317
1623796996072 33.38660846585081 318
1623797068133 54.95353410644027 319
1623797120893 54.95353410644027 320
1623797168712 29.437912256261264 321
1623797231482 108.2834970028255 322
1623797278719 107.11994710133794 323
1623797346322 110.12830403887533 324
1623797405865 83.72561582851674 325
1623797454592 46.117202005508396 326
1623797535385 210.1316179504788 327
1623797585090 172.3705653698049 328
1623797658939 128.23774901611478 329
1623797710992 122.18366667234281 330
1623797767515 92.78697161731904 331
1623797859834 177.25404931529778 332
1623797968744 206.63279544090233 333
1623798059197 206.63279544090233 334
1623798136791 194.54542888751948 335
1623798217304 194.54542888751948 336
1623798278113 138.6980782473327 337
1623798352444 145.23248486233405 338
1623798445967 152.44631261248043 339
1623798505747 203.53927382485327 340
1623798589199 200.308928127479 341
1623798650572 91.22485191000874 342
1623798725824 159.72528088623804 343
1623798794142 158.5887594466676 344
1623798848910 151.1172864750048 345
1623798913675 187.74009905669732 346
1623798990424 211.32200260405688 347
1623799052606 142.47453773569407 348
1623799129273 190.53145422474012 349
1623799203320 190.53145422474012 350
1623799273323 188.4141695732178 351
1623799342647 131.637055094208 352
1623799414044 173.47055769328855 353
1623799507534 273.68528001545485 354
1623799587217 254.21234675278174 355
1623799666044 202.9647481265245 356
1623799763357 206.99845742784865 357
1623799881319 199.82043117387735 358
1623799991915 162.6212578190843 359
1623800075380 133.08721364913188 360
1623800157610 145.59408621734784 361
1623800232377 162.79499622422617 362
1623800344526 229.97232719835839 363
1623800417904 229.97232719835839 364
1623800511589 209.32105883230315 365
1623800597969 212.13408633906556 366
1623800694864 162.69619093002726 367
1623800766022 176.44592198985066 368
1623800868581 263.47689388278957 369
