1623782553580 -2484.742906097217 0
1623782582615 -359.60900499707265 1
1623782604217 -120.46025733508858 2
1623782623774 -106.41205435779518 3
1623782645147 -113.6674038090093 4
1623782667372 -181.17578308516028 5
1623782691154 -125.36599741648521 6
1623782714142 -130.0478500515233 7
1623782736643 -167.47707261534305 8
1623782757699 -101.90412752315625 9
1623782781164 -151.49012211955332 10
1623782805334 -102.66631876306067 11
1623782827699 -132.4795175387499 12
1623782851829 -119.80299811009486 13
1623782878315 -102.15830123939286 14
1623782904923 -166.3040590874422 15
1623782930995 -115.54429629523902 16
1623782954226 -110.36204564134675 17
1623782981469 -89.2880398989953 18
1623783007690 -116.2163431991199 19
1623783037313 -101.14579372153858 20
1623783066078 -89.04159952939153 21
1623783095972 -74.26818839632172 22
1623783126952 -69.44384070083922 23
1623783154018 -132.8658758509101 24
1623783183361 -121.02659045760683 25
1623783209412 -112.0153804995874 26
1623783230241 -91.9260572043918 27
1623783254484 -114.4866572064745 28
1623783280100 -106.43092500967104 29
1623783303281 -115.71390221323665 30
1623783327781 -68.21727060867833 31
1623783359829 -134.04404700769257 32
1623783389070 -75.72636295483957 33
1623783417028 -79.65656985425315 34
1623783444365 -85.56142700327757 35
1623783474657 -87.30563441459356 36
1623783504448 -200.76334484576478 37
1623783531252 -160.297977515626 38
1623783557733 -77.53362357690611 39
1623783580777 -64.99294846619652 40
1623783610560 -89.0090467790329 41
1623783640335 -70.26052085986821 42
1623783666462 -52.687188340269515 43
1623783707053 -34.33986085042236 44
1623783733695 -155.31913933057626 45
1623783765023 -119.41428685337596 46
1623783789436 -131.5728770165022 47
1623783814189 -121.12639297669462 48
1623783853396 -62.69066653829202 49
1623783890606 -121.3619376307615 50
1623783917399 -118.04646246918983 51
1623783949407 -118.32276795523214 52
1623783980881 -85.90654562350053 53
1623784018374 -137.24548313696354 54
1623784053963 -154.30190248664084 55
1623784084094 -138.54451089238273 56
1623784110579 -105.5224979073733 57
1623784143239 -101.70509113167194 58
1623784177067 -100.0351321405876 59
1623784206592 -91.90717711681418 60
1623784234378 -133.8226700238416 61
1623784268023 -115.68495147155848 62
1623784298054 -136.94262059172522 63
1623784327594 -73.72294866781758 64
1623784359090 -114.8909230954143 65
1623784392526 -109.47034635079615 66
1623784420340 -74.44013700089121 67
1623784449527 -105.37488952852632 68
1623784482225 -79.95359924656718 69
1623784518722 -100.67552266404407 70
1623784551238 -108.26692060515771 71
1623784579339 -109.67240975609275 72
1623784617689 -90.66505581030842 73
1623784651723 -22.169873918409387 74
1623784683095 -38.4391989557726 75
1623784709684 -99.87342855383318 76
1623784738008 -147.27889434064792 77
1623784766415 -97.24624441002526 78
1623784798119 -140.68244918614488 79
1623784824927 -129.03121306711984 80
1623784848131 -136.0919468999578 81
1623784881280 -64.7620158812698 82
1623784919878 -95.1780773839799 83
1623784950425 -60.095834345143466 84
1623784979875 -155.1845612628952 85
1623785014798 -82.55562053202834 86
1623785054558 -39.2611926179163 87
1623785090140 -79.36862802371218 88
1623785126712 -117.96810552810348 89
1623785178560 -83.40476226419013 90
1623785229908 -96.3095889670827 91
1623785269630 -76.04211007962643 92
1623785299732 -113.32290951647511 93
1623785334476 -70.79347545033384 94
1623785375863 -115.6097482510917 95
1623785407156 -71.38792973603486 96
1623785434941 -104.41449279626083 97
1623785464498 -132.71812682538098 98
1623785502072 -91.41907506862046 99
1623785528758 -105.95274869830696 100
1623785556351 -80.71843968756704 101
1623785585143 -100.07880868475459 102
1623785613525 -69.22522461755759 103
1623785640851 -92.32312139563189 104
1623785674074 -84.52430758301031 105
1623785703639 -81.47770238258721 106
1623785728389 -76.20439784313245 107
1623785756622 -89.48943569629961 108
1623785794438 -66.4723248348502 109
1623785825582 -72.12508628955638 110
1623785858539 -93.76545955455177 111
1623785897290 -91.2046234653278 112
1623785932901 -103.31593621424706 113
1623785964376 -93.59884661463812 114
1623786011417 -71.17077810539683 115
1623786057695 -102.87099641885084 116
1623786096949 -62.63343101036128 117
1623786150373 -43.470628187732416 118
1623786207970 -58.36109202027721 119
1623786251078 -81.22389083730873 120
1623786297745 -85.10543269638153 121
1623786327964 -86.32531073331266 122
1623786382333 -55.45523371681624 123
1623786421077 -109.5315373728996 124
1623786448451 -131.74199253684577 125
1623786481800 -93.28796901214645 126
1623786524412 -62.734954123228725 127
1623786573990 -86.7331955961446 128
1623786629591 -70.23058414318518 129
1623786670329 -101.88020881194079 130
1623786704362 -106.37180010324815 131
1623786764667 -58.51735726576658 132
1623786801197 -67.80600899715776 133
1623786849135 -89.74831558427665 134
1623786886262 -92.69214571652023 135
1623786931144 -105.75370240110628 136
1623786970354 -113.59800410820142 137
1623787008662 -86.32307668683082 138
1623787057472 -31.092329875320637 139
1623787114858 -12.926281866334287 140
1623787174748 -53.33354846329952 141
1623787219437 -91.46245212562744 142
1623787265024 -112.58233112152882 143
1623787325736 -61.393220584701695 144
1623787389286 -104.24157492445734 145
1623787459980 -94.51319899064458 146
1623787499254 -111.49062110380987 147
1623787549027 -60.588142546075844 148
1623787591895 -64.63899319594859 149
1623787641501 -72.7899070148869 150
1623787692474 -117.0090906254436 151
1623787736751 -106.25399792490389 152
1623787769880 -73.27868633830491 153
1623787827691 -74.24949138949313 154
1623787891434 -45.28708028862418 155
1623787952650 -104.07665049841304 156
1623788028130 -47.21515108243575 157
1623788076584 -99.17101860023902 158
1623788121739 -70.77483673119514 159
1623788168460 -75.7163360543407 160
1623788228207 -74.4893582797907 161
1623788273633 -97.70965288424888 162
1623788316620 -93.54098508732943 163
1623788350778 -81.23730655314769 164
1623788400326 -94.99132998416356 165
1623788436793 -120.09571911653309 166
1623788470410 -126.29821497300699 167
1623788506068 -97.0322672180384 168
1623788544169 -62.06824227552395 169
1623788592994 -73.9570950277683 170
1623788643515 -77.90274712355797 171
1623788692862 -62.152572924437834 172
1623788756731 -67.3079135506534 173
1623788807369 -48.734653839369585 174
1623788856350 -38.62961431346745 175
1623788893642 -56.537167737156324 176
1623788965839 -19.852674746575016 177
1623789030983 -43.241503994117764 178
1623789097257 -72.60833886175978 179
1623789150137 -80.34261352409501 180
1623789204971 -58.063359483373134 181
1623789299443 -24.092260680768234 182
1623789349136 -91.8592792349555 183
1623789405799 -63.85713957193957 184
1623789445715 -136.50352491667053 185
1623789505916 -91.38704913591111 186
1623789561133 -49.54435117546088 187
1623789607129 -134.5821096855024 188
1623789660852 -102.54909074661091 189
1623789716497 -61.12888674796426 190
1623789759111 -100.39090026512217 191
1623789795160 -106.17684261152162 192
1623789852614 -101.73508994299695 193
1623789898054 -78.77726669231848 194
1623789943724 -66.79357142927343 195
1623789993058 -87.98298571378338 196
1623790028860 -100.09527669072125 197
1623790062388 -83.54144266044814 198
1623790104978 -85.68790110934701 199
1623790154907 -102.39655595504891 200
1623790193713 -54.052893355389514 201
1623790234763 -55.30761605675887 202
1623790281515 -64.70776600715763 203
1623790311519 -100.92612718606668 204
1623790362982 -83.91407345865314 205
1623790404422 -111.25685056431311 206
1623790460791 -62.719727069200175 207
1623790516402 -86.07501770614044 208
1623790602325 -28.762546054236033 209
1623790686209 -28.17285938646264 210
1623790748508 -64.69228295025178 211
1623790792799 -77.18433951532816 212
1623790855391 -54.112999474835476 213
1623790905117 -82.69485039128963 214
1623790966198 -70.76563787442237 215
1623791015128 -55.397350759258664 216
1623791068302 -55.30516268369074 217
1623791154657 -19.36754734289946 218
1623791211017 -75.0915297768581 219
1623791260189 -70.4736338696271 220
1623791318619 -79.06844871391903 221
1623791370137 -84.0920198611922 222
1623791409588 -88.92034634837923 223
1623791472830 -79.95070132837822 224
1623791530762 -70.76947085484251 225
1623791595255 -96.6607314579483 226
1623791638086 -83.20937772501505 227
1623791685196 -81.68730262140407 228
1623791727451 -109.73614448988349 229
1623791797594 -15.529949953443872 230
1623791848364 -75.29714528054173 231
1623791906895 -107.03674255820806 232
1623791969846 -61.52077776777837 233
1623792012797 -74.7503419805241 234
1623792076065 -23.286710221415298 235
1623792115296 -71.47148122310196 236
1623792155396 -65.76913278100778 237
1623792197928 -88.88483154985667 238
1623792250656 -34.81226247117098 239
1623792309371 -37.98291087590703 240
1623792363286 -29.419778860419154 241
1623792446348 -25.038159529453527 242
1623792533931 -1.9923509632727245 243
1623792599109 -64.76413408387671 244
1623792668797 -85.1193407872681 245
1623792736628 -67.46732554322888 246
1623792800676 -49.46465195174188 247
1623792846404 -95.71188980581603 248
1623792893201 -102.84847065274667 249
1623792947431 -67.33241137428644 250
1623793023874 -26.285181534109974 251
1623793061935 -87.66579866614933 252
1623793110037 -90.24612416712708 253
1623793182788 -66.67439279165545 254
1623793221880 -71.87892960569748 255
1623793301986 -37.75544735028512 256
1623793361282 -38.4989133196615 257
1623793411558 -102.37782861447263 258
1623793456781 -87.82753213144045 259
1623793511415 -47.380922962127315 260
1623793550187 -102.26217433329397 261
1623793592903 -84.64336325336414 262
1623793630387 -82.17200066184317 263
1623793695583 -35.18452548281734 264
1623793757069 -56.884671896843976 265
1623793796955 -92.27889454494637 266
1623793867133 -59.421934639589516 267
1623793919962 -79.74016672096104 268
1623794011190 -22.854860944164535 269
1623794087194 -111.54310277935835 270
1623794163208 -109.29911319716639 271
1623794214067 -91.24296093630721 272
1623794267777 -63.875462662708436 273
1623794316578 -103.51948253187183 274
1623794373684 -82.68314212098343 275
1623794433910 -72.23179578835594 276
1623794496998 -69.30802656286885 277
1623794573203 -42.977842515319566 278
1623794652497 -38.46851021175542 279
1623794704242 -60.612629049925395 280
1623794802279 -11.244248515880566 281
1623794876618 -66.35537535254232 282
1623794931836 -50.99157337953045 283
1623794998292 -47.75205634140068 284
1623795082905 -26.93364641764638 285
1623795192688 -37.86572604206073 286
1623795248240 -58.642215720937905 287
1623795302373 -36.2532272250797 288
1623795368787 -46.598171977054356 289
1623795455865 11.270976225289719 290
1623795545991 -45.11979197986384 291
1623795628818 20.6079543824246 292
1623795671408 -80.41666425196584 293
1623795718498 -71.31787320563512 294
1623795774914 -58.01252006899367 295
1623795829357 -94.30954196730484 296
1623795890033 -38.73382656287928 297
1623795932835 -35.37361064722826 298
1623795987023 -78.24952180326895 299
1623796028992 -66.37128341892412 300
1623796101745 -41.62646466980728 301
1623796154445 -99.08150906238693 302
1623796228379 -84.81567659900281 303
1623796299245 -48.877110390216444 304
1623796344844 -58.922793208988445 305
1623796390929 -95.9658021749476 306
1623796455822 -55.233918170692185 307
1623796501934 -90.34441907147195 308
1623796552612 -73.5610251916041 309
1623796599677 -86.12035611912049 310
1623796656815 -36.81138164746358 311
1623796707508 -97.20124767660279 312
1623796745001 -66.86716479148166 313
1623796789447 -81.3967336267946 314
1623796834054 -65.01024584093796 315
1623796873398 -75.77670344219932 316
1623796931274 -85.60716506790911 317
1623796996025 -85.98103095457755 318
1623797068083 -45.94064633882688 319
1623797120842 -57.75077252271342 320
1623797168662 -95.71123605818472 321
1623797231433 -34.613453680352166 322
1623797278671 -75.29056164010667 323
1623797346268 -37.68921490202639 324
1623797405814 -58.03296892125719 325
1623797454541 -78.898480492629 326
1623797535333 17.542047395779097 327
1623797585040 -104.90148955052129 328
1623797658891 -50.30267316310446 329
1623797710944 -98.34942742895566 330
1623797767465 -91.55052436684727 331
1623797859786 24.33572867161181 332
1623797968685 -27.003982229362215 333
1623798059149 -25.79339248872909 334
1623798136745 -26.991842710593875 335
1623798217257 -11.429469104073878 336
1623798278063 -73.41545765535851 337
1623798352395 -40.25531868711268 338
1623798445920 -38.86003350024392 339
1623798505694 -62.83949614614994 340
1623798589153 -57.24329049869154 341
1623798650526 -78.6410186825906 342
1623798725778 -24.140427267767347 343
1623798794095 -50.04996732394547 344
1623798848864 -96.75882163743674 345
1623798913626 -41.33380330132 346
1623798990376 -26.37993288463442 347
1623799052561 -56.6638004327123 348
1623799129225 -68.76802297946855 349
1623799203267 -82.78520538000602 350
1623799273273 -27.619838982744206 351
1623799342602 -56.46118905308638 352
1623799413997 -50.598468736139885 353
1623799507485 -15.89783144298907 354
1623799587169 -9.613767853348833 355
1623799665998 -40.04627815519951 356
1623799763302 -18.643239438179073 357
1623799881258 -39.54534049039586 358
1623799991870 -52.11164454470602 359
1623800075333 -42.243039265265 360
1623800157561 -78.20438923983201 361
1623800232331 -38.55936225548276 362
1623800344481 -7.043473895007952 363
1623800417858 -80.05268198130204 364
1623800511536 -42.807582603773746 365
1623800597911 -8.963224381409796 366
1623800694804 -61.03990818162762 367
1623800765934 -95.637449131354 368
1623800868238 -37.6245331981596 369
