1623703288639 -117.55580659575037 0
1623703301771 -117.91250433446642 1
1623703311425 -107.89201837432644 2
1623703323019 -93.49738381429425 3
1623703334200 -96.55818091090812 4
1623703344809 -72.80512547348475 5
1623703354225 -31.82382278319049 6
1623703363207 -110.87821598679302 7
1623703372821 -111.6399633851687 8
1623703383002 -62.272362007793724 9
1623703397614 -31.66760620306322 10
1623703412689 -52.252597955432925 11
1623703426476 -65.57297542572697 12
1623703440293 -28.62224247786177 13
1623703451801 -77.2576146122819 14
1623703462812 -86.87185844762837 15
