1623703498953 -117.55580659575037 0
1623703506076 -117.55580659575037 1
1623703511940 -103.61498166684328 2
1623703518931 -83.3072870130639 3
1623703525573 -83.3072870130639 4
1623703531386 -67.23121055287565 5
1623703536077 -35.67813904803146 6
1623703540958 -35.67813904803146 7
1623703545643 -111.95959446252739 8
1623703550589 -100.79967991518073 9
1623703557437 -38.56586123494193 10
1623703564636 -38.56586123494193 11
1623703570893 -31.284640361283717 12
1623703578204 -31.284640361283717 13
1623703583340 -81.84524945422511 14
1623703588814 -85.7098276169694 15
1623703595002 -62.0018624127466 16
1623703600230 -82.27943581899005 17
1623703604944 -124.78250602927407 18
1623703610081 -97.2906320363591 19
1623703615227 -92.54944328724753 20
