1623703511898 -530.6431519263955 2
1623703518889 -704.1553835241616 3
1623703525530 -625.3547843244064 4
1623703531345 -658.6836698392818 5
1623703536039 -428.5790185066854 6
1623703540920 -574.343139665643 7
1623703545606 -429.994601842809 8
1623703550550 -477.2197678382044 9
1623703557394 -622.7637058702322 10
1623703564596 -744.1499636652088 11
1623703570852 -676.5554896014679 12
1623703578165 -914.5789103590373 13
1623703583298 -415.20569316999126 14
1623703588772 -651.7902603326194 15
1623703594961 -518.0714893364727 16
1623703600189 -571.30485940284 17
1623703604899 -485.55059480576114 18
1623703610040 -519.0996695917001 19
1623703615187 -124.88679663480389 20
