1623756558465 -538.0972015705555 0
1623756586957 -385.688323694293 1
1623756613902 -284.952086101017 2
1623756633800 -141.42043791632202 3
1623756651694 -140.70327975591644 4
1623756673805 -133.28451101149173 5
1623756690246 -115.92286481179686 6
1623756708497 -122.04568587768186 7
1623756731055 -98.45129068312393 8
1623756748599 -136.82012720213118 9
1623756768247 -140.366534522438 10
1623756787277 -127.69876374535761 11
1623756808673 -158.1181298321358 12
1623756827589 -121.8145711319798 13
1623756849027 -90.99798842077274 14
1623756868830 -135.32114377689032 15
1623756889806 -130.9338058618572 16
1623756912572 -105.02982765966176 17
1623756937575 -101.9406780557024 18
1623756958616 -133.9272064979401 19
1623756980846 -120.35690766455515 20
1623757004253 -141.00817214476848 21
1623757026796 -110.5896294557671 22
1623757050562 -92.49904406983974 23
1623757074871 -94.05433309395976 24
1623757103611 -96.81209402129583 25
1623757130194 -85.681569610515 26
1623757159273 -52.936644687054326 27
1623757190002 -75.13344244316878 28
1623757218910 -118.79164581337271 29
1623757249092 -115.82945207141192 30
1623757278199 -49.92639307968346 31
1623757301078 -105.16296333327936 32
1623757322981 -136.95649220699772 33
1623757349203 -99.487625209536 34
1623757376545 -92.00093037388412 35
1623757399744 -90.85523257668079 36
1623757424204 -59.89095784324722 37
1623757449415 -69.7690200064022 38
1623757478084 -63.02864345774265 39
1623757506166 -60.129575008834244 40
1623757536793 -49.99986624862913 41
1623757567980 -39.8762649633979 42
1623757598804 -50.584704817908005 43
1623757633379 -52.148763570514404 44
1623757679228 -35.19926528979413 45
1623757729576 9.702518080737063 46
1623757775978 -32.46412373564809 47
1623757829064 -28.81267855281487 48
1623757893480 4.922798857764321 49
1623757938644 -51.61476187712116 50
1623757978199 -66.1671964608312 51
1623758034777 -41.58156542505266 52
1623758073904 -37.17632966404506 53
1623758142122 -27.034379505552106 54
1623758209975 -5.767173908969648 55
1623758284476 -22.48778958640898 56
1623758350849 -24.077763280332288 57
1623758411682 -1.1472494053289686 58
1623758465505 -11.092167019209196 59
1623758557479 41.52530582637955 60
1623758632018 8.283175299920858 61
1623758702900 8.016956434554357 62
1623758790038 49.853489227674885 63
1623758909263 45.55296659183662 64
1623758997091 21.54116924907004 65
1623759102136 45.68564725461388 66
1623759241012 53.48954845133435 67
1623759372654 76.18740797603536 68
1623759529090 74.41370240121526 69
1623759669319 65.98877471625633 70
1623759823322 81.8488824618316 71
1623759990738 90.80985484937926 72
1623760132702 82.76155049618201 73
1623760325394 91.46854276410147 74
1623760502996 99.13758719513874 75
1623760682908 111.8432534644865 76
1623760845143 78.92178493431368 77
1623761015342 106.00836818288525 78
1623761252125 121.33822070112691 79
1623761486059 121.546378377009 80
1623761764030 130.42524392509466 81
1623762029790 133.08148479284407 82
1623762232388 129.37038465810423 83
1623762492568 129.12723969205828 84
1623762701533 126.89130453881175 85
1623762921656 145.53965222160522 86
1623763110485 110.64847085267738 87
1623763315175 119.84894773777224 88
1623763513903 130.2519089583854 89
1623763714841 144.77195551548127 90
1623763947586 154.9111376388822 91
1623764170998 180.3970856133058 92
1623764412096 184.25814050427073 93
1623764671645 185.38133397622872 94
1623764859922 178.73292286021967 95
1623765103490 184.7081954141082 96
1623765339390 193.72911002707085 97
1623765560688 212.1689672785221 98
1623765724426 213.27581286201794 99
1623765945485 233.32783733189808 100
1623766154606 228.17863237642086 101
1623766374214 227.51214746780573 102
1623766632943 236.18061912923386 103
1623766887044 223.47212769039209 104
1623767124403 218.7468962075263 105
1623767343010 216.48218539333777 106
1623767566849 212.54175587523972 107
1623767799477 215.9789420361267 108
1623767994385 211.18289340488158 109
1623768200448 226.68673283723388 110
1623768419340 221.87193127234752 111
1623768619043 230.8388665448386 112
1623768828435 224.7816251292727 113
1623769004579 213.96139167881103 114
1623769211794 210.85247907706105 115
1623769445183 226.56731056342753 116
1623769618273 202.0936975730172 117
1623769851554 231.20075218735275 118
1623770150246 210.1277605586082 119
1623770414545 222.3849139933466 120
1623770645760 217.62203357541358 121
1623770852999 218.36584222099765 122
1623771071594 234.3691903226883 123
1623771296262 215.65486888550456 124
1623771520857 236.27119980961453 125
1623771725300 230.57612605885774 126
1623771913431 224.45878601349227 127
1623772122764 216.83087833207952 128
1623772343144 214.6279459047374 129
1623772517459 200.4517359551515 130
1623772744595 226.6362468972613 131
1623772952121 216.5010588987378 132
1623773139331 242.58126761074425 133
1623773309516 206.91232045356384 134
1623773487546 210.92474633250896 135
1623773678674 224.46446439525113 136
1623773861720 226.88542740924538 137
1623774052209 225.99861274685355 138
1623774235458 225.69421067071676 139
1623774413461 219.9906177266156 140
1623774593677 229.4358057675238 141
1623774792278 227.2340674324201 142
1623774966928 208.38341996049618 143
1623775150780 232.10267977531095 144
1623775312989 205.72038467258687 145
1623775455623 216.66838595984066 146
1623775606486 207.8085594611339 147
1623775776182 225.8930541914154 148
1623775963311 246.70268757391966 149
1623776103445 220.94974172858082 150
1623776272387 223.58318643982705 151
1623776440204 235.71221086121687 152
1623776624883 245.01831806067693 153
1623776797491 235.76909307117418 154
1623776959953 231.80757178082794 155
1623777122574 247.25735517848915 156
1623777296182 230.074074103076 157
1623777471725 236.43756192062764 158
1623777628278 230.50978145493266 159
1623777784954 230.82297943577345 160
1623777928454 240.91685446568343 161
1623778070082 234.54503641436813 162
1623778223358 248.59218502150833 163
1623778375395 215.1889692425552 164
1623778537308 209.75891300145815 165
1623778730767 237.25145020746965 166
1623778914947 240.41354040593626 167
1623779097788 225.677788340907 168
1623779237354 215.8842515776806 169
1623779401801 219.28957241054957 170
1623779551056 215.83087975026933 171
1623779713852 235.08343091825012 172
1623779882816 241.51048273189627 173
1623780048275 227.81943356647704 174
1623780224268 238.33180083089326 175
1623780400940 220.89473176737124 176
1623780563286 236.32416208397325 177
1623780713753 231.6840223576371 178
1623780870243 228.47411231848253 179
1623781036521 228.999270475346 180
1623781195288 239.83888382991776 181
1623781349704 233.01099133481787 182
1623781500425 250.90770914669395 183
1623781645517 226.31650894109117 184
1623781812697 227.58879563552938 185
1623781966663 246.43066136194847 186
1623782155639 231.57175005601104 187
1623782307773 242.64902519916953 188
1623782459870 257.4433001885593 189
1623782625492 235.93803698862706 190
1623782766184 237.5541175595123 191
1623782916472 241.9057249521538 192
1623783100307 233.13408306556758 193
1623783265066 244.14448479103558 194
1623783418027 248.47850199921868 195
1623783564863 234.38219323120208 196
1623783699360 245.44478792233002 197
1623783838002 248.3503810709783 198
1623784004402 222.2707704044428 199
1623784155983 243.2560049513968 200
