1623756558484 -132.07504592803815 0
1623756586976 -111.18228267815587 1
1623756613923 -111.18228267815587 2
1623756633820 -111.81524328046908 3
1623756651713 -106.48296886432551 4
1623756673824 -82.32857465220805 5
1623756690268 -61.44600264375826 6
1623756708530 -61.44600264375826 7
1623756731076 -36.32847623155819 8
1623756748619 -37.81872426718991 9
1623756768269 -95.36234390451655 10
1623756787298 -68.84440939689696 11
1623756808693 -26.27779975716303 12
1623756827609 -6.297880616245289 13
1623756849047 -41.41927507782382 14
1623756868850 -41.41927507782382 15
1623756889827 -28.451371102331496 16
1623756912595 -8.649972030491247 17
1623756937594 9.076577452414588 18
1623756958636 9.076577452414588 19
1623756980868 -31.47803016364754 20
1623757004274 -68.46005700050439 21
1623757026817 -45.73665235902891 22
1623757050585 -44.36670001646145 23
1623757074893 39.59297360595317 24
1623757103632 39.59297360595317 25
1623757130216 -0.40295665585637436 26
1623757159295 -0.40295665585637436 27
1623757190021 24.931294607332813 28
1623757218930 -4.6258377180057435 29
1623757249113 10.857791677780085 30
1623757278218 41.49382515159815 31
1623757301099 25.279594798868658 32
1623757323003 -49.5267866046085 33
1623757349223 -26.6591280907026 34
1623757376565 -4.213851020635909 35
1623757399764 -1.2479177806571442 36
1623757424223 5.286848291439713 37
1623757449435 5.286848291439713 38
1623757478103 9.016174898250043 39
1623757506186 5.988370973986096 40
1623757536814 20.292847720560513 41
1623757568000 63.88763337685465 42
1623757598824 63.88763337685465 43
1623757633400 22.486289757588473 44
1623757679248 56.750198504033946 45
1623757729600 132.27136773152034 46
1623757776000 125.37706523187467 47
1623757829085 78.76598588612885 48
1623757893501 148.5326069567274 49
1623757938667 148.5326069567274 50
1623757978220 93.18178896224632 51
1623758034797 111.46924801750681 52
1623758073925 111.46924801750681 53
1623758142143 111.16525645921956 54
1623758210002 128.7001898136633 55
1623758284504 128.7001898136633 56
1623758350869 141.63508246091357 57
1623758411701 165.1694878675427 58
1623758465526 165.1694878675427 59
1623758557501 191.3673143019234 60
1623758632039 176.9111526337525 61
1623758702920 163.3891290554609 62
1623758790059 273.12285989684653 63
1623758909284 273.12285989684653 64
1623758997112 153.37003987032793 65
1623759102163 151.50919322144992 66
1623759241032 198.79023938937686 67
1623759372673 198.79023938937686 68
1623759529110 188.9136708216795 69
1623759669339 197.44038661537346 70
1623759823342 201.93295463191518 71
1623759990758 191.3373115932356 72
1623760132722 230.18697420035534 73
1623760325414 230.18697420035534 74
1623760503017 187.3512049925667 75
1623760682928 198.95030032382442 76
1623760845163 198.95030032382442 77
1623761015361 210.76347301207852 78
1623761252149 216.25805275524854 79
1623761486095 212.21540821990985 80
1623761764049 223.57631944040767 81
1623762029814 223.57631944040767 82
1623762232413 246.64063048543957 83
1623762492588 219.35347532656152 84
1623762701555 252.2695519247478 85
1623762921677 245.01738743823222 86
1623763110506 225.68245321308427 87
1623763315198 248.31218571111148 88
1623763513922 248.31218571111148 89
1623763714862 238.53858929689028 90
1623763947608 261.599613049577 91
1623764171019 260.9793181751221 92
1623764412117 255.73155925131368 93
1623764671673 253.18018301020197 94
1623764859942 253.18018301020197 95
1623765103514 250.86505252982548 96
1623765339413 245.55761181223957 97
1623765560708 260.2464960214625 98
1623765724445 278.0662545055706 99
1623765945507 276.7422173471209 100
1623766154626 269.14745300995446 101
1623766374236 268.668154368106 102
1623766632969 258.4181515277915 103
1623766887068 258.2395529694082 104
1623767124426 258.3991001137448 105
1623767343032 267.63924839001527 106
1623767566879 266.7482659853159 107
1623767799502 260.69056633385173 108
1623767994407 260.69056633385173 109
1623768200476 264.92603065330195 110
1623768419361 263.5044154793345 111
1623768619067 278.60258451315974 112
1623768828456 278.60258451315974 113
1623769004605 280.8224817323644 114
1623769211817 280.8224817323644 115
1623769445211 253.91911293995494 116
1623769618296 286.04549693522966 117
1623769851576 286.04549693522966 118
1623770150285 277.75535524995763 119
1623770414568 263.73653304466006 120
1623770645781 268.4472298581553 121
1623770853022 268.4472298581553 122
1623771071619 268.271010824573 123
1623771296285 264.38350884452177 124
1623771520887 268.14453956936967 125
1623771725324 268.14453956936967 126
1623771913453 266.9910586016164 127
1623772122789 266.9910586016164 128
1623772343166 262.3107157410821 129
1623772517481 265.2752176410384 130
1623772744620 263.8694291388107 131
1623772952146 250.51775562558728 132
1623773139354 269.45156443231156 133
1623773309540 269.2096511246685 134
1623773487571 268.1573407040642 135
1623773678696 281.1390480034592 136
1623773861742 281.1390480034592 137
1623774052230 272.67900999600204 138
1623774235479 269.50331554706366 139
1623774413481 265.1196215887812 140
1623774593699 265.1196215887812 141
1623774792301 263.9935169064461 142
1623774966949 265.2576309888259 143
1623775150801 262.6551563507611 144
1623775313012 274.0624027970879 145
1623775455645 274.0624027970879 146
1623775606509 278.79391415189536 147
1623775776202 278.79391415189536 148
1623775963333 270.22782085753136 149
1623776103467 281.21320331160325 150
1623776272409 281.21320331160325 151
1623776440226 279.96313585705116 152
1623776624905 276.4546057229069 153
1623776797512 269.29545289380064 154
1623776959977 266.5322973431257 155
1623777122595 271.5920791454325 156
1623777296203 275.71556788557444 157
1623777471746 275.71556788557444 158
1623777628300 268.45872308272845 159
1623777784974 266.4789867034825 160
1623777928475 273.23430763966405 161
1623778070104 274.1652367375993 162
1623778223378 274.1652367375993 163
1623778375416 275.1305054653127 164
1623778537329 275.1305054653127 165
1623778730788 259.7343892828481 166
1623778914968 256.57936288275226 167
1623779097811 259.92282953418163 168
1623779237375 275.4694403281303 169
1623779401821 271.9856589833089 170
1623779551076 262.74983977143893 171
1623779713875 267.3605932275297 172
1623779882839 277.25752372528825 173
1623780048296 277.25752372528825 174
1623780224290 273.0059739971528 175
1623780400961 271.7661465579631 176
1623780563308 261.76093439751304 177
1623780713776 271.02675463663866 178
1623780870264 271.02675463663866 179
1623781036542 279.86401785959833 180
1623781195310 279.86401785959833 181
1623781349726 279.8663486054243 182
1623781500447 279.8663486054243 183
1623781645538 278.2653565240503 184
1623781812718 274.22624819131715 185
1623781966685 264.41946711046086 186
1623782155662 270.20055617426243 187
1623782307794 270.20055617426243 188
1623782459895 272.8837995452743 189
1623782625515 272.8837995452743 190
1623782766205 277.7575268292187 191
1623782916493 277.7103026929338 192
1623783100328 267.76263124632106 193
1623783265088 267.76263124632106 194
1623783418050 264.36385482983593 195
1623783564885 264.90428190548323 196
1623783699383 275.9775553560752 197
1623783838025 275.9775553560752 198
1623784004429 269.0873944476957 199
1623784156008 257.643531289042 200
