1623756558446 -1158.325138245941 0
1623756586936 -675.0106965919961 1
1623756613882 -658.8699630477474 2
1623756633780 -257.4587598078964 3
1623756651673 -143.13464598553142 4
1623756673786 -135.81185729017062 5
1623756690225 -119.02989324007733 6
1623756708470 -155.03802249301228 7
1623756731035 -124.13047381213475 8
1623756748579 -148.79384915236525 9
1623756768226 -143.71579298419013 10
1623756787256 -131.4122405449335 11
1623756808653 -181.2173716215961 12
1623756827567 -145.8782814041097 13
1623756849007 -151.39810301204653 14
1623756868809 -191.39308108332142 15
1623756889785 -140.94879300283614 16
1623756912548 -129.35190732228153 17
1623756937552 -142.12569542661657 18
1623756958594 -176.09160123709577 19
1623756980822 -147.53631660536013 20
1623757004232 -188.1309619224709 21
1623757026775 -166.6242740564526 22
1623757050542 -128.17663451646908 23
1623757074849 -129.98763557369261 24
1623757103590 -166.97829734365973 25
1623757130172 -125.19631665643014 26
1623757159250 -90.82902219159385 27
1623757189981 -131.98666237277138 28
1623757218889 -203.6282743826884 29
1623757249073 -161.95855805846 30
1623757278177 -108.77225013257211 31
1623757301058 -184.40487802583692 32
1623757322961 -181.3509342300762 33
1623757349181 -145.11858063422474 34
1623757376525 -152.91786957749176 35
1623757399724 -143.96655877228517 36
1623757424183 -111.43041038095389 37
1623757449393 -115.26151105958698 38
1623757478064 -117.59807029362005 39
1623757506145 -105.68975980253126 40
1623757536772 -111.64696182524963 41
1623757567960 -90.56412308702308 42
1623757598783 -123.151904107157 43
1623757633358 -95.50476077583849 44
1623757679207 -113.51895269556792 45
1623757729556 -62.8999235668429 46
1623757775957 -133.06363538951925 47
1623757829042 -101.1321607660478 48
1623757893457 -73.8887027372659 49
1623757938620 -157.27695069507038 50
1623757978177 -147.15790225822354 51
1623758034753 -132.42955224350604 52
1623758073883 -130.26385960223018 53
1623758142101 -127.43815973086149 54
1623758209945 -82.85972348024181 55
1623758284443 -136.33206884290664 56
1623758350829 -117.81353494146065 57
1623758411659 -63.06854702781028 58
1623758465483 -99.6920729199399 59
1623758557454 -60.62894663826969 60
1623758631997 -69.78992336045928 61
1623758702879 -76.26178041892317 62
1623758790015 -88.34672961814049 63
1623758909242 -79.76637904986967 64
1623758997069 -78.78243024713102 65
1623759102109 -34.303697004561116 66
1623759240993 -62.41147381367082 67
1623759372634 -7.8899703227577955 68
1623759529069 -20.631590834053583 69
1623759669299 -34.493508837210484 70
1623759823302 -30.135001475607066 71
1623759990717 -20.20602831514376 72
1623760132682 -21.856046799913365 73
1623760325374 -32.84956712510219 74
1623760502975 10.869842799794203 75
1623760682888 26.9752250569877 76
1623760845122 -49.51098721018265 77
1623761015321 6.911312930264819 78
1623761252105 4.113778558185419 79
1623761486019 19.323374733049363 80
1623761764001 21.50212887293309 81
1623762029770 37.962619190914936 82
1623762232364 20.872366088229825 83
1623762492547 32.61719102843341 84
1623762701513 -9.894509513725955 85
1623762921634 32.16429162246372 86
1623763110464 -21.09425695660052 87
1623763315154 30.12653345759969 88
1623763513883 40.57191253166998 89
1623763714820 23.80710558748067 90
1623763947565 46.51093362533885 91
1623764170974 95.58345557284369 92
1623764412074 105.65171260227291 93
1623764671624 106.53480011406805 94
1623764859901 90.95202350690143 95
1623765103470 112.459321468305 96
1623765339368 109.6792581799331 97
1623765560667 121.8382262949885 98
1623765724397 101.72136049021063 99
1623765945464 148.52035648979427 100
1623766154577 144.37976039426667 101
1623766374186 147.85555279319448 102
1623766632917 165.85984661014672 103
1623766887021 149.69111542963847 104
1623767124373 125.88148017209588 105
1623767342987 118.40531304981991 106
1623767566823 107.12273227810306 107
1623767799453 120.9591300014129 108
1623767994364 148.48589894549053 109
1623768200424 156.5625424632198 110
1623768419316 137.68354107693864 111
1623768619022 127.78221771165074 112
1623768828408 137.74716214253417 113
1623769004557 122.15702666349205 114
1623769211770 111.59665013207696 115
1623769445163 155.14965465262358 116
1623769618245 117.64181498298558 117
1623769851526 141.81276601016947 118
1623770150208 119.77023873933335 119
1623770414519 142.32829664839636 120
1623770645730 131.23118052098084 121
1623770852972 138.53148524386054 122
1623771071568 160.60131324379705 123
1623771296238 135.50837344817097 124
1623771520835 164.74936388658273 125
1623771725279 157.98645938189014 126
1623771913408 88.46176843780384 127
1623772122734 131.00824842630936 128
1623772343121 110.30444129302714 129
1623772517437 94.91144140065443 130
1623772744570 153.17323666110488 131
1623772952094 142.92900894665806 132
1623773139309 164.2654130588774 133
1623773309494 107.19492400643898 134
1623773487428 121.43322588115093 135
1623773678651 124.76558939989361 136
1623773861696 103.79693841762082 137
1623774052187 141.3657507766248 138
1623774235437 146.41183077570741 139
1623774413440 156.13452653701341 140
1623774593654 158.68485578138808 141
1623774792256 136.78362604616706 142
1623774966906 122.96734768973383 143
1623775150759 156.08802954240417 144
1623775312966 102.6884361692225 145
1623775455601 118.50639915151942 146
1623775606466 78.64701779906589 147
1623775776161 116.17553835571724 148
1623775963289 207.0299783204936 149
1623776103423 113.15056056736293 150
1623776272366 130.36986324717418 151
1623776440183 154.52974120576306 152
1623776624862 174.6693159930494 153
1623776797471 144.72230942638788 154
1623776959932 149.0700213733614 155
1623777122551 175.75013700936918 156
1623777296161 156.117103646163 157
1623777471704 147.41965073146002 158
1623777628255 121.35846742493496 159
1623777784933 142.23094569234587 160
1623777928432 144.3526859183524 161
1623778070060 138.8921589324861 162
1623778223335 163.32569753835804 163
1623778375374 118.52354499593284 164
1623778537288 122.69528303714155 165
1623778730745 171.08498807923797 166
1623778914924 163.16177354863984 167
1623779097764 147.23912836611902 168
1623779237332 123.26217665977956 169
1623779401780 126.34346599250367 170
1623779551035 73.58943288657937 171
1623779713830 168.9434141261939 172
1623779882792 179.3470432713089 173
1623780048254 150.04921821412998 174
1623780224246 135.6299269063398 175
1623780400917 142.35577670452403 176
1623780563265 159.55330200430075 177
1623780713730 144.21855138751667 178
1623780870221 122.98908982922765 179
1623781036498 133.27890996605393 180
1623781195265 166.66996989984415 181
1623781349683 131.20230036865976 182
1623781500402 172.4688398881968 183
1623781645496 125.60224051682101 184
1623781812674 142.0439562100591 185
1623781966641 168.5835612018856 186
1623782155615 164.6610140232886 187
1623782307749 142.335707699603 188
1623782459847 177.28480640724456 189
1623782625471 170.42558179712222 190
1623782766162 133.7834658211197 191
1623782916450 156.06317326595178 192
1623783100285 177.94841615344782 193
1623783265044 189.44767714159974 194
1623783418005 185.77748458310808 195
1623783564839 153.8715939909938 196
1623783699338 170.71531473435928 197
1623783837979 179.6051982375427 198
1623784004376 158.44187159719195 199
1623784155959 196.94945395975577 200
