1623743679377 -501.18362811836704 0
1623743699208 -184.1428836062213 1
1623743715807 -132.7841280638495 2
1623743735309 -122.28656065078927 3
1623743754137 -115.55910312005948 4
1623743773282 -119.55487837707818 5
1623743790299 -133.50010818845706 6
1623743809739 -126.80131025436432 7
1623743828911 -92.42601274669431 8
1623743846819 -100.76578673044665 9
1623743864188 -125.45614476253324 10
1623743881961 -125.72222338477678 11
1623743898924 -146.14796564730074 12
1623743916460 -145.64189552188813 13
1623743935785 -134.9426281708249 14
1623743957426 -143.36535076606003 15
1623743978135 -142.81543141337855 16
1623743997647 -134.61818417157653 17
1623744019664 -122.45654665658543 18
1623744038819 -113.28968109691633 19
1623744061853 -83.6340873572832 20
1623744085667 -103.80789660428913 21
1623744109490 -120.81182973224551 22
1623744130300 -114.01486911685247 23
1623744151697 -92.80013130307853 24
1623744174120 -36.03474105450684 25
1623744198310 -74.26410459120311 26
1623744219466 -76.2650893897084 27
1623744244642 -67.22910910106405 28
1623744268571 -67.92588369468461 29
1623744293036 -88.57339063721811 30
1623744319109 -81.13597964576043 31
1623744346220 -24.979307237809184 32
1623744370468 -32.027399812903035 33
1623744392871 -62.73804167445373 34
1623744416055 -96.41975083634752 35
1623744439920 -86.06116823468535 36
1623744465546 -116.879789839409 37
1623744495141 -33.85499607082028 38
1623744520959 -50.317979299542756 39
1623744555794 -48.07366928131303 40
1623744588623 -68.84999394936814 41
1623744627498 -39.63943105936176 42
1623744669431 -34.762087040325966 43
1623744708878 -52.73486935919343 44
1623744747624 -54.74520341043902 45
1623744785159 -54.33048313109595 46
1623744832890 -30.71952645635646 47
1623744883689 -56.16519588367649 48
1623744918615 -71.75157640563617 49
1623744951422 -83.44758875336474 50
1623744987368 -60.8901818143811 51
1623745014325 -108.75431189072316 52
1623745041598 -100.4639242415234 53
1623745067691 -85.06388794398981 54
1623745107224 -87.63173667253588 55
1623745139277 -44.25010148905341 56
1623745167997 -34.431096776475826 57
1623745200783 -53.158215269970036 58
1623745237114 -59.45857448261061 59
1623745262343 -123.17209900945551 60
1623745290426 -80.2686864610657 61
1623745329932 -45.05985805415382 62
1623745366099 -47.048879450308235 63
1623745393620 -85.11043516779365 64
1623745427594 -61.68198024938985 65
1623745464626 -44.83726767147762 66
1623745495343 -69.43023343899837 67
1623745517692 -84.24886130997724 68
1623745544082 -84.18685034324356 69
1623745569163 -79.82352057206836 70
1623745590817 -82.35813685429488 71
1623745614282 -86.91632707771447 72
1623745642618 -80.59071841017497 73
1623745668136 -100.40317570951001 74
1623745693556 -70.307651249661 75
1623745717416 -80.83506347777057 76
1623745752550 -67.3790112891054 77
1623745797926 -66.11115825748091 78
1623745825436 -77.45682269830677 79
1623745870410 -12.553065364902148 80
1623745897020 -58.86052414566559 81
1623745939285 -20.643866832769607 82
1623745967912 -76.3690456947539 83
1623746027133 -31.66962822317372 84
1623746059473 -54.865821803249055 85
1623746101829 -20.672943303920487 86
1623746129188 -86.67321305652825 87
1623746162467 -100.51888161769676 88
1623746205835 -19.496854064527408 89
1623746229038 -80.57731450856166 90
1623746250274 -125.76986321983144 91
1623746283749 -75.64336615283399 92
1623746308114 -95.05509842896942 93
1623746332205 -78.08439651994102 94
1623746359184 -57.54061166317702 95
1623746384657 -60.4311249842327 96
1623746410955 -78.22011770413128 97
1623746437261 -84.26606920223367 98
1623746473439 -63.32821838621259 99
1623746501726 -51.38631476656939 100
1623746528495 -62.22057298294847 101
1623746550062 -91.94836575740055 102
1623746578205 -86.98893631469639 103
1623746607049 -65.29641926194118 104
1623746635375 -39.06361702985319 105
1623746670048 -50.74211344793851 106
1623746711276 -4.222480037188777 107
1623746742893 -22.91325876898881 108
1623746804867 8.297182005901217 109
1623746841930 -44.14130117663068 110
1623746877361 -59.90604173243608 111
1623746922079 -26.104578107692706 112
1623746953115 -60.15383816388321 113
1623746990075 -41.1750920136733 114
1623747023809 -49.327298643936885 115
1623747059510 -69.40923720996776 116
1623747086169 -86.19020390015521 117
1623747121526 -12.854802206536847 118
1623747155517 -66.04877331519508 119
1623747193621 -32.24119550933609 120
1623747251890 -10.392186673659433 121
1623747287174 -62.53840858333345 122
1623747327905 -45.547716683714015 123
1623747365727 -31.149951990878357 124
1623747420462 -34.60186443521058 125
1623747466094 -26.57704593942061 126
1623747496236 -50.75997009908413 127
1623747537184 -38.6914432747121 128
1623747573499 -48.68258901405538 129
1623747620001 -77.27963182947087 130
1623747654503 -79.86826349268621 131
1623747689778 -44.26600096873713 132
1623747747468 -18.976033161989122 133
1623747802275 -19.50679533118945 134
1623747842248 -57.48838084508334 135
1623747892307 -35.387837890385114 136
1623747934782 -52.03061554534371 137
1623748017048 1.6148942720095345 138
1623748049230 -61.465572699444365 139
1623748097601 -51.61042403257696 140
1623748146078 -6.167151488228303 141
1623748196466 -13.762720001662831 142
1623748237445 -30.7877393125775 143
1623748286986 -46.39914482659843 144
1623748347261 -9.823176745070894 145
1623748380313 -82.27180816873312 146
1623748431577 -43.57752951607187 147
1623748496134 -8.200217380760465 148
1623748557540 -9.613712413626203 149
1623748629001 44.24904544677704 150
1623748666985 -32.064045133461406 151
1623748709293 -55.6336178905507 152
1623748753651 -14.768737169234768 153
1623748805850 -27.72341607600595 154
1623748864426 -6.426630495878706 155
1623748903191 -34.84474409743972 156
1623748958226 -39.00127803823583 157
1623748990460 -70.65164946870004 158
1623749023281 -64.53718538606842 159
1623749052908 -29.66122378535691 160
1623749083439 -41.953741092213306 161
1623749124091 6.874091965395184 162
1623749160988 -21.9549417617453 163
1623749214386 7.870236602586761 164
1623749258033 -12.695424460364743 165
1623749298382 -57.65786378911296 166
1623749340974 -18.155075480921894 167
1623749372023 -48.742670993201 168
1623749421209 -20.852663621891335 169
1623749455560 -9.318372722337836 170
1623749525895 89.69435265382246 171
1623749556157 -89.2775280861884 172
1623749588099 -109.62620885706983 173
1623749618312 -117.8978505955681 174
1623749663750 4.54359764292284 175
1623749704514 -38.61534712919982 176
1623749742692 -26.86071534206535 177
1623749775671 -57.15659393799015 178
1623749802117 -79.28345457256096 179
1623749837979 -53.330836899656205 180
1623749867167 -86.21283327808716 181
1623749904219 -22.923770365118763 182
1623749941076 -67.5071896338303 183
1623749981628 -32.752493650189805 184
1623750029608 -36.8799012716094 185
1623750071392 -55.20406082611907 186
1623750097868 -89.62948308158352 187
1623750148355 -31.22761237865917 188
1623750199766 5.456838053371425 189
1623750283714 33.201422407120575 190
1623750333703 -2.6810144129626066 191
1623750386334 -37.42286602097094 192
1623750446293 -28.5869303993252 193
1623750483293 -35.03841464921148 194
1623750519481 -51.39799436098623 195
1623750566468 -31.56827063397567 196
1623750608738 -34.2389101591214 197
1623750658564 -17.866696822335598 198
1623750687960 -62.07754960493656 199
1623750715524 -84.59281910369364 200
1623750742632 -92.90487478543525 201
1623750774377 -37.99486912875821 202
1623750815463 -8.549124148577878 203
1623750856174 -33.78288491603572 204
1623750915802 21.23514718444065 205
1623750940325 -81.74545082579777 206
1623750984734 -26.08317504530637 207
1623751035160 4.48651287964245 208
1623751080896 -33.779983491380555 209
1623751120886 -35.27934507556553 210
1623751170995 -19.39477849481381 211
1623751236776 -29.809688758521702 212
1623751275691 -26.500228706100646 213
1623751332358 -26.683562732400848 214
1623751363357 -83.03477999605444 215
1623751402607 -27.631400875913673 216
1623751465348 32.34615207332707 217
1623751515511 5.17278291302735 218
1623751577769 0.8458803758595405 219
1623751621841 -37.54282668844806 220
1623751657962 -79.31430216550899 221
1623751702732 -69.07339587845632 222
1623751738482 -65.60786329538416 223
1623751775613 -21.78848333899133 224
1623751807385 -45.680342043716855 225
1623751848367 -28.371823941100992 226
1623751894679 -24.278941127891535 227
1623751940864 -8.56630809764446 228
1623751997364 -10.433989470024244 229
1623752039760 -8.04813010032868 230
1623752076959 -38.01896170801963 231
1623752107657 -55.4767539873815 232
1623752145233 -28.83041029900135 233
1623752202677 13.854693432724119 234
1623752257266 4.604721163407862 235
1623752299607 -31.37977934954053 236
1623752377591 58.77478047898791 237
1623752415708 -6.522899083486233 238
1623752457605 -3.0201436582003782 239
1623752488339 -77.68588829011732 240
1623752531776 -43.45553113379364 241
1623752571706 43.37374822840954 242
1623752606522 -3.0280824015791548 243
1623752642200 -85.4819412493672 244
1623752679743 -43.87076404419294 245
1623752715542 -78.15185204668087 246
1623752750238 -31.334180802995284 247
1623752781046 -66.7486360978091 248
1623752844903 -13.796003050414363 249
1623752884965 -27.914576004068273 250
1623752909643 -63.86385343391842 251
1623752957461 -20.728359414859188 252
1623753007366 0.7299141137631782 253
1623753068757 -12.181804296550508 254
1623753104990 -30.97577798121555 255
1623753138446 -23.35624753208305 256
1623753176280 0.8253894535545419 257
1623753229666 22.947876899769415 258
1623753283288 25.821046452144092 259
1623753307676 -51.94648692807729 260
1623753330332 -110.11201176823619 261
1623753357186 -117.08247871196095 262
1623753396110 -27.495793317772435 263
1623753435396 -55.93981629956184 264
1623753465814 -41.91120240621559 265
1623753523059 -3.99652385251345 266
1623753571028 6.181904378155901 267
1623753619894 -8.641094440523807 268
1623753664331 -48.54780394906963 269
1623753699064 -27.670143219658907 270
1623753753605 25.14881544433513 271
1623753799704 -9.268021312272333 272
1623753848136 -7.105004703382705 273
1623753888841 23.064413410104326 274
1623753963046 103.99950114289597 275
1623754011337 20.28708627466513 276
1623754055526 -47.95854484163393 277
1623754093939 -63.572049624122556 278
1623754150659 -25.074962943452356 279
1623754204180 0.3855419291730648 280
1623754247395 -12.787317224037897 281
1623754313658 16.164215939582295 282
1623754351968 -31.75597018982739 283
1623754390155 -108.43176568000655 284
1623754425836 -29.986764244549526 285
1623754461675 -15.679691056565566 286
1623754505287 6.622533260796907 287
1623754534927 -28.54172356624038 288
1623754569073 -55.90218151589331 289
1623754631542 27.615535927230535 290
1623754686156 50.0830148932894 291
1623754733401 49.25651723461045 292
1623754775894 -7.263085517215568 293
1623754835367 46.352235322399835 294
1623754877247 -44.826244938937336 295
1623754918774 26.65286937100701 296
1623754979554 -28.054441593516103 297
1623755036085 9.75125259862725 298
1623755074751 16.97086370539942 299
1623755105157 -68.97233577445613 300
1623755134064 -60.564289731309394 301
1623755163772 -74.84861707531209 302
1623755215969 5.4722201522719125 303
1623755262142 -24.125337807712643 304
1623755310234 50.09302056734201 305
1623755366091 42.32874444171018 306
1623755410346 35.59557026218777 307
1623755434373 -72.1482436143761 308
1623755481556 -53.558789394989326 309
1623755525719 -4.548158139134871 310
1623755563327 -36.42105671899725 311
1623755662801 41.23705302799542 312
1623755727100 40.823719461276575 313
1623755780054 14.689642997721373 314
1623755849235 31.902718921190594 315
1623755878009 -54.04492996593163 316
1623755951986 50.07281388118163 317
1623756037605 45.050621089273136 318
1623756070733 -58.10427176853316 319
1623756127095 -0.4231997106146863 320
1623756167628 -40.648306130373236 321
1623756208134 -86.68971944925737 322
1623756244994 -32.96229344354945 323
1623756283107 -56.75410353010005 324
1623756334098 -4.286770433727342 325
1623756388416 13.520522227513375 326
1623756427462 -52.5469299793317 327
1623756474630 -38.33813897463369 328
1623756546024 -1.9072510138033556 329
1623756605869 -8.32270177313998 330
1623756678328 25.762463707761864 331
1623756726724 -21.829653024862374 332
1623756750042 -70.93721524482758 333
1623756810070 15.74026854926931 334
1623756879017 -11.590749438223552 335
1623756944146 30.499453008449947 336
1623756988559 -5.9286028314881785 337
1623757075482 44.2436674102977 338
1623757128733 -31.160682001574337 339
1623757204303 34.774762715133114 340
1623757264259 24.59219792232881 341
1623757302971 -24.141161518204367 342
1623757356794 4.1632766178052325 343
1623757402392 -49.873139536675374 344
1623757460908 17.636993330198486 345
1623757493603 -74.90817391147158 346
1623757539466 -65.66007112935736 347
1623757574598 -73.63856047383918 348
1623757653437 40.96696634488298 349
1623757689781 -25.72056375220533 350
1623757725733 -48.464628568574284 351
1623757774132 -10.50858484375193 352
1623757815434 -6.058801496151825 353
1623757865434 -3.1937257833341453 354
1623757902723 -10.106222498799685 355
1623757955918 27.21345737974394 356
1623758012687 23.66468052377123 357
1623758052043 -48.14268055133087 358
1623758106993 27.85059086288137 359
1623758161866 15.80717070614706 360
1623758239725 25.26908950853494 361
1623758288789 -36.17344617549407 362
1623758348219 -40.1994215867886 363
1623758401807 -10.82851576946517 364
1623758464692 79.75746935930529 365
1623758533199 -11.797552296747789 366
1623758612707 16.420312651551246 367
1623758677245 7.660374599032562 368
1623758740629 37.70592196785434 369
1623758799652 36.233553342462216 370
1623758838136 -32.25501096009044 371
1623758877671 -17.81052266883001 372
1623758913705 -24.643626079677624 373
1623758969214 -0.5858694128930894 374
1623759040894 -15.773487227853428 375
1623759088275 -39.83631152438549 376
1623759135606 -86.41519953227656 377
1623759185488 -29.01845131585204 378
1623759240349 -30.92088260537063 379
1623759299372 34.61891924535027 380
1623759335717 -16.153973502694207 381
1623759381075 -60.357540080372026 382
1623759422676 -33.98497816121277 383
1623759471416 0.6117717892281709 384
1623759506923 -25.820290066631834 385
1623759552510 0.47406774557184517 386
1623759601578 16.63636902716297 387
1623759670172 55.11264929627234 388
1623759713538 -38.82372315127338 389
1623759781232 27.39764958016644 390
1623759837719 27.19553266637563 391
1623759890303 -10.123813619672042 392
1623759938492 -7.479277622299322 393
1623759986246 7.098740623533128 394
1623760046447 52.02011957359203 395
1623760099860 -13.624396372409162 396
1623760132858 -63.26099636517767 397
1623760191525 19.667541884620245 398
1623760261265 70.94716483489997 399
