1623743679398 -89.33310522529612 0
1623743699226 -89.33310522529612 1
1623743715827 -98.32532336519958 2
1623743735327 -72.19561379663526 3
1623743754159 -72.19561379663526 4
1623743773306 -78.67717685422568 5
1623743790318 -82.87700709243839 6
1623743809760 -82.87700709243839 7
1623743828933 -65.13572302061417 8
1623743846838 -49.135352504889134 9
1623743864206 -49.135352504889134 10
1623743881981 -89.71241682669168 11
1623743898945 -89.71241682669168 12
1623743916481 -94.97335573721726 13
1623743935807 -79.51989973464758 14
1623743957445 -79.51989973464758 15
1623743978155 -85.12073703849926 16
1623743997666 -88.27468359861004 17
1623744019685 -65.44714178132547 18
1623744038839 -65.39818551980886 19
1623744061876 -38.99803106346208 20
1623744085693 -38.99803106346208 21
1623744109511 -37.276313473241075 22
1623744130322 -37.276313473241075 23
1623744151717 -29.039105492858916 24
1623744174139 13.76725840454306 25
1623744198330 13.76725840454306 26
1623744219486 -20.590729091396458 27
1623744244662 9.35033769371132 28
1623744268590 -5.158540974035651 29
1623744293056 -5.158540974035651 30
1623744319129 -24.31745474266544 31
1623744346240 98.01181795513364 32
1623744370488 98.01181795513364 33
1623744392890 10.133928498724867 34
1623744416075 -26.87364024640679 35
1623744439939 -46.40905543859856 36
1623744465566 -57.39087327072882 37
1623744495167 43.31247658790549 38
1623744520995 43.31247658790549 39
1623744555815 22.413709700354936 40
1623744588646 22.413709700354936 41
1623744627518 79.96358978018677 42
1623744669450 79.96358978018677 43
1623744708899 26.918763582188728 44
1623744747644 55.29895222348709 45
1623744785178 70.32404166146391 46
1623744832909 94.90346150208322 47
1623744883709 77.0563930984405 48
1623744918635 29.157009405061967 49
1623744951442 -12.389492907748258 50
1623744987387 0.49756096692478025 51
1623745014344 0.49756096692478025 52
1623745041618 49.88602037565856 53
1623745067711 -4.5054889689844915 54
1623745107245 -10.742067028407012 55
1623745139297 32.42114210822208 56
1623745168017 32.42114210822208 57
1623745200804 31.377658598944162 58
1623745237134 27.6935696327513 59
1623745262362 16.653835267264125 60
1623745290446 7.505474516721682 61
1623745329954 53.60122667962723 62
1623745366121 53.60122667962723 63
1623745393640 16.196814497795977 64
1623745427615 45.588929321336806 65
1623745464647 39.32525395424106 66
1623745495364 39.32525395424106 67
1623745517712 -21.19630345258336 68
1623745544103 -15.78298853098065 69
1623745569183 -15.78298853098065 70
1623745590839 19.451494301972833 71
1623745614302 19.451494301972833 72
1623745642639 -46.771469004406846 73
1623745668157 -40.474938512305556 74
1623745693577 -25.76807695606725 75
1623745717436 -13.127928729467886 76
1623745752570 25.792914135527667 77
1623745797947 25.792914135527667 78
1623745825456 2.907587889244391 79
1623745870431 94.81237581276825 80
1623745897043 94.81237581276825 81
1623745939306 105.07961729115031 82
1623745967934 105.07961729115031 83
1623746027155 46.570346135699495 84
1623746059492 46.570346135699495 85
1623746101850 37.29398292196201 86
1623746129209 36.99509788525389 87
1623746162487 -43.60931356077061 88
1623746205856 65.77348218066057 89
1623746229058 65.77348218066057 90
1623746250294 -44.734394514605455 91
1623746283770 26.167371249218355 92
1623746308134 26.167371249218355 93
1623746332225 -7.428167078466458 94
1623746359204 -5.772463127255366 95
1623746384678 -9.160653086459163 96
1623746410975 -13.720911006980069 97
1623746437282 -25.749912704979426 98
1623746473459 12.79155092874043 99
1623746501746 12.79155092874043 100
1623746528516 3.5532860959252703 101
1623746550081 -13.789081149113148 102
1623746578225 59.73891878945244 103
1623746607070 46.97507827966712 104
1623746635396 46.97507827966712 105
1623746670068 33.25275883938454 106
1623746711296 102.79689273799777 107
1623746742913 102.79689273799777 108
1623746804912 158.7394251907117 109
1623746841950 158.7394251907117 110
1623746877382 12.689802488947407 111
1623746922100 62.04851504174822 112
1623746953136 62.04851504174822 113
1623746990096 94.4030018168439 114
1623747023845 94.4030018168439 115
1623747059531 68.39355013448065 116
1623747086189 18.39463686029153 117
1623747121546 79.96428585814843 118
1623747155537 79.96428585814843 119
1623747193641 35.323849785718345 120
1623747251910 89.04377824243979 121
1623747287194 89.04377824243979 122
1623747327926 70.65947624460654 123
1623747365748 95.96718710662319 124
1623747420483 95.96718710662319 125
1623747466114 73.98282901312126 126
1623747496257 63.64042556260826 127
1623747537204 83.95417785569929 128
1623747573520 83.95417785569929 129
1623747620023 -9.227790865548647 130
1623747654524 -9.227790865548647 131
1623747689799 17.924947607868695 132
1623747747490 58.46693143859189 133
1623747802297 59.90739868841174 134
1623747842269 59.90739868841174 135
1623747892328 44.8858596018055 136
1623747934802 44.8858596018055 137
1623748017069 158.16736878918493 138
1623748049251 133.9826537484071 139
1623748097623 87.54716167416268 140
1623748146099 95.64770671021245 141
1623748196486 95.64770671021245 142
1623748237466 82.99916752379912 143
1623748287007 98.12364232923115 144
1623748347283 98.12364232923115 145
1623748380333 68.245442053673 146
1623748431598 27.412760669592046 147
1623748496155 100.03670695307498 148
1623748557562 100.03670695307498 149
1623748629022 149.69733045085349 150
1623748667007 149.69733045085349 151
1623748709316 52.589922457320995 152
1623748753673 78.15586130111014 153
1623748805872 66.10879712844965 154
1623748864447 109.08422629166242 155
1623748903214 99.96790683395838 156
1623748958247 106.70959070711683 157
1623748990482 106.70959070711683 158
1623749023302 57.24642947147903 159
1623749052929 57.24642947147903 160
1623749083460 47.568906483077 161
1623749124112 106.40496379436195 162
1623749161009 102.85429287260786 163
1623749214407 95.68691322532956 164
1623749258054 85.11880270190099 165
1623749298403 47.28711664712631 166
1623749340995 60.34540910737447 167
1623749372044 60.34540910737447 168
1623749421230 100.21063064250617 169
1623749455582 97.17522659287428 170
1623749525917 183.77392968459296 171
1623749556180 183.77392968459296 172
1623749588120 -30.743471866253827 173
1623749618334 -40.92921038249963 174
1623749663772 124.41310488293841 175
1623749704536 124.41310488293841 176
1623749742714 64.49663525689081 177
1623749775693 48.826289729462225 178
1623749802139 4.600979958761218 179
1623749838001 64.77663822292389 180
1623749867189 64.77663822292389 181
1623749904239 102.98204830168507 182
1623749941098 64.55732550193984 183
1623749981652 97.58981061863165 184
1623750029629 97.58981061863165 185
1623750071413 59.23560644217771 186
1623750097889 -10.922084742110053 187
1623750148376 47.78067179050314 188
1623750199788 103.76561608808898 189
1623750283736 164.9935459539976 190
1623750333724 116.44305936996952 191
1623750386355 70.23365200100807 192
1623750446315 88.67031390677865 193
1623750483315 88.67031390677865 194
1623750519503 23.631708802183688 195
1623750566490 49.182853952595714 196
1623750608761 80.6031352788717 197
1623750658588 80.6031352788717 198
1623750687982 50.16085310118249 199
1623750715547 13.865493482622856 200
1623750742654 -15.309174117048059 201
1623750774399 45.63717929505697 202
1623750815484 57.630073147871464 203
1623750856194 57.630073147871464 204
1623750915824 130.85940620872162 205
1623750940347 123.27210320415193 206
1623750984757 88.26924676309878 207
1623751035182 104.07888402313002 208
1623751080918 104.07888402313002 209
1623751120908 26.39069833849254 210
1623751171016 81.41427908216015 211
1623751236825 81.41427908216015 212
1623751275712 75.56297174871463 213
1623751332380 74.6109531797451 214
1623751363379 67.40080509693341 215
1623751402629 34.261059740250346 216
1623751465369 143.2544843358022 217
1623751515534 143.2544843358022 218
1623751577790 128.07660171392376 219
1623751621864 128.07660171392376 220
1623751657985 58.27365517095332 221
1623751702755 12.836869198157586 222
1623751738505 10.852265698002729 223
1623751775635 23.98864405335072 224
1623751807407 66.10893748949786 225
1623751848390 47.429136921905624 226
1623751894701 117.32586603350171 227
1623751940886 117.32586603350171 228
1623751997387 54.600919450049034 229
1623752039788 70.07084272062875 230
1623752076982 74.50355012093755 231
1623752107679 45.929856326621554 232
1623752145256 74.8032823274436 233
1623752202700 155.6837353176427 234
1623752257289 155.6837353176427 235
1623752299628 128.7013053907737 236
1623752377613 173.3465681273787 237
1623752415730 161.8545671063006 238
1623752457626 147.75573535511654 239
1623752488360 147.75573535511654 240
1623752531797 67.81917938765943 241
1623752571728 183.7386535712247 242
1623752606546 183.7386535712247 243
1623752642223 84.51765553769765 244
1623752679765 24.191042513672524 245
1623752715566 24.191042513672524 246
1623752750261 57.32157568561231 247
1623752781069 57.32157568561231 248
1623752844925 116.83386196721808 249
1623752884987 116.83386196721808 250
1623752909664 47.67464700621514 251
1623752957483 147.47863299852108 252
1623753007389 102.51261979580575 253
1623753068779 82.89007702225167 254
1623753105013 44.42851134964668 255
1623753138469 64.44708295866101 256
1623753176302 92.36117776895466 257
1623753229688 122.41015832391834 258
1623753283310 163.37577728669015 259
1623753307699 163.37577728669015 260
1623753330354 -34.665443139142425 261
1623753357210 -11.379387815589416 262
1623753396132 69.46491500789384 263
1623753435419 69.46491500789384 264
1623753465836 60.80288152144085 265
1623753523081 130.24019406130978 266
1623753571049 130.24019406130978 267
1623753619917 102.00330307374641 268
1623753664354 65.53844346437862 269
1623753699086 58.46628417531362 270
1623753753627 147.76020361001673 271
1623753799727 147.76020361001673 272
1623753848158 131.2616014508093 273
1623753888864 130.5248692491827 274
1623753963069 205.31970544431223 275
1623754011363 205.31970544431223 276
1623754055549 91.2803265081146 277
1623754093962 67.39969115261147 278
1623754150683 38.977110467238134 279
1623754204204 116.01589545037409 280
1623754247418 116.01589545037409 281
1623754313682 98.9374610154697 282
1623754351991 122.20389674979933 283
1623754390178 122.20389674979933 284
1623754425859 76.72902077017635 285
1623754461698 76.72902077017635 286
1623754505310 179.14668186075963 287
1623754534950 179.14668186075963 288
1623754569096 35.04538751605009 289
1623754631569 250.02095448566678 290
1623754686180 203.54000408042492 291
1623754733424 151.87161337002348 292
1623754775916 151.87161337002348 293
1623754835391 225.69890472747983 294
1623754877269 225.69890472747983 295
1623754918798 148.87162713909365 296
1623754979577 124.27304062104993 297
1623755036108 173.0596779739589 298
1623755074774 173.0596779739589 299
1623755105181 94.99323484487 300
1623755134086 16.8748269239484 301
1623755163795 36.832930482696916 302
1623755215992 171.11617964774723 303
1623755262165 156.9239175769674 304
1623755310257 112.61396261837467 305
1623755366114 175.6984096593574 306
1623755410370 175.6984096593574 307
1623755434396 140.68408353775217 308
1623755481588 90.91965767902954 309
1623755525742 90.91965767902954 310
1623755563351 83.43005052369531 311
1623755662824 205.76073257950105 312
1623755727124 205.76073257950105 313
1623755780077 130.81008177167 314
1623755849259 139.14534764164685 315
1623755878032 139.14534764164685 316
1623755952008 212.81027310142926 317
1623756037628 186.1554956076645 318
1623756070755 100.40360297607836 319
1623756127118 122.4834307730188 320
1623756167650 122.4834307730188 321
1623756208157 40.76577120755803 322
1623756245017 66.90215039002149 323
1623756283129 66.90215039002149 324
1623756334122 143.62397028257652 325
1623756388439 143.62397028257652 326
1623756427485 108.32892055204726 327
1623756474654 63.17240783693893 328
1623756546063 122.65426853264657 329
1623756605896 111.35698568749149 330
1623756678352 137.14241595919646 331
1623756726747 130.47702459688156 332
1623756750066 112.17211011996797 333
1623756810094 126.18552923081104 334
1623756879044 110.34589482958786 335
1623756944170 164.19854542730755 336
1623756988582 164.19854542730755 337
1623757075506 184.28059568324053 338
1623757128758 184.28059568324053 339
1623757204327 185.34703319270707 340
1623757264283 185.34703319270707 341
1623757302996 127.44353488975239 342
1623757356819 137.2278962599152 343
1623757402417 137.2278962599152 344
1623757460935 177.5162843298298 345
1623757493628 177.5162843298298 346
1623757539489 80.21510888094866 347
1623757574623 80.21510888094866 348
1623757653463 192.66991558879232 349
1623757689807 192.66991558879232 350
1623757725756 100.75417564380525 351
1623757774156 109.56540716368549 352
1623757815458 84.20278761219056 353
1623757865458 131.8894673203496 354
1623757902748 95.69657443876565 355
1623757955943 122.23266954927547 356
1623758012714 137.48933039934963 357
1623758052071 136.26534588178865 358
1623758107018 195.05279603247888 359
1623758161890 195.05279603247888 360
1623758239750 160.77684042151395 361
1623758288815 138.01823008135835 362
1623758348245 20.138371215275434 363
1623758401832 106.35661397392334 364
1623758464716 176.57851181460978 365
1623758533225 176.57851181460978 366
1623758612735 169.5513442033178 367
1623758677269 169.5513442033178 368
1623758740654 141.25448632833834 369
1623758799678 141.25448632833834 370
1623758838192 115.46042474530555 371
1623758877696 40.49762346114812 372
1623758913730 40.49762346114812 373
1623758969239 92.20819414103161 374
1623759040919 88.27365291592989 375
1623759088299 72.53463696091077 376
1623759135633 72.53463696091077 377
1623759185519 110.09591307151734 378
1623759240373 110.09591307151734 379
1623759299396 146.89723459952216 380
1623759335742 146.89723459952216 381
1623759381101 61.142385452112435 382
1623759422702 49.8279906044699 383
1623759471440 91.86603319238957 384
1623759506949 91.86603319238957 385
1623759552534 101.00933632176296 386
1623759601602 133.91261163074762 387
1623759670197 152.31833958272435 388
1623759713562 152.31833958272435 389
1623759781255 123.65373297891412 390
1623759837743 188.22912912253082 391
1623759890327 135.56038063857847 392
1623759938521 107.48835560522116 393
1623759986271 103.78576964889719 394
1623760046471 129.79761448634886 395
1623760099884 129.79761448634886 396
1623760132882 82.49012664265845 397
1623760191549 164.68669482215012 398
1623760261290 173.53634106911682 399
