1623743679358 -1595.209951498875 0
1623743699190 -461.6194684618773 1
1623743715789 -180.84995880799335 2
1623743735291 -171.30401710657844 3
1623743754115 -117.53797035424995 4
1623743773250 -121.8981085618997 5
1623743790281 -138.76620709559074 6
1623743809718 -128.82356704679472 7
1623743828890 -120.55367339137396 8
1623743846800 -105.26141725099214 9
1623743864170 -133.55264757544904 10
1623743881938 -128.2197508567264 11
1623743898902 -162.47911644869492 12
1623743916440 -151.03742759854552 13
1623743935767 -159.7992952791878 14
1623743957406 -280.0014633957975 15
1623743978114 -227.8605826638066 16
1623743997628 -214.01021446983742 17
1623744019644 -288.0044011217758 18
1623744038800 -140.55496979838193 19
1623744061825 -115.6103969512742 20
1623744085646 -176.396094661821 21
1623744109469 -168.00820174800134 22
1623744130280 -171.0629345167237 23
1623744151676 -122.57079291479526 24
1623744174100 -86.10604630234329 25
1623744198290 -130.03238575071583 26
1623744219445 -114.02601732604964 27
1623744244621 -108.53948033163756 28
1623744268553 -101.22384895095209 29
1623744293017 -151.06367897264553 30
1623744319087 -119.98040188101928 31
1623744346201 -77.63867895736405 32
1623744370449 -83.87524066016354 33
1623744392850 -117.0018183978812 34
1623744416035 -147.2113268476375 35
1623744439899 -121.51689115628054 36
1623744465527 -154.6356645308934 37
1623744495121 -75.03502474839061 38
1623744520938 -90.1337568590102 39
1623744555773 -91.5767825986376 40
1623744588603 -123.92808119625151 41
1623744627479 -93.00203903275414 42
1623744669411 -68.79144482695617 43
1623744708858 -130.9456626804928 44
1623744747604 -120.14786640202267 45
1623744785138 -116.80719608916156 46
1623744832868 -86.02533119299186 47
1623744883670 -134.23086368526234 48
1623744918594 -143.38659468363886 49
1623744951402 -143.41454309087692 50
1623744987348 -111.85334582323003 51
1623745014305 -196.95386645752072 52
1623745041577 -183.42489934172949 53
1623745067669 -144.44132760366276 54
1623745107204 -148.7246589299495 55
1623745139257 -114.69213343108795 56
1623745167976 -94.66562857946745 57
1623745200763 -113.42624712601392 58
1623745237094 -112.55895615836023 59
1623745262323 -210.43458232035454 60
1623745290406 -120.90231413790248 61
1623745329910 -101.07379403193751 62
1623745366077 -101.98657203499597 63
1623745393599 -157.47966268886196 64
1623745427572 -134.4107501414183 65
1623745464606 -104.82411095331679 66
1623745495323 -122.46732148261658 67
1623745517671 -121.6058509574148 68
1623745544062 -135.712879593949 69
1623745569142 -133.7797046171184 70
1623745590795 -144.23835536896848 71
1623745614261 -135.92222591526976 72
1623745642596 -117.3137811558156 73
1623745668113 -168.57413437772612 74
1623745693533 -93.91292416709132 75
1623745717395 -125.52110452290579 76
1623745752530 -124.44958679813594 77
1623745797905 -140.096982767709 78
1623745825415 -117.7100628168018 79
1623745870387 -66.31848238229696 80
1623745896998 -161.00640126924506 81
1623745939262 -85.18899564744629 82
1623745967891 -174.47917735758182 83
1623746027110 -91.30734598519966 84
1623746059453 -115.51007762295451 85
1623746101808 -80.80539187942426 86
1623746129166 -157.2242773341118 87
1623746162447 -144.07106337135806 88
1623746205816 -78.84975786180483 89
1623746229017 -147.60199460964427 90
1623746250254 -157.73875292057892 91
1623746283728 -129.70045989670848 92
1623746308093 -149.1215103245927 93
1623746332183 -164.2910364683156 94
1623746359163 -120.39907952793035 95
1623746384637 -97.23024514856176 96
1623746410935 -127.6348974055725 97
1623746437241 -116.26592398517877 98
1623746473417 -136.8245083473451 99
1623746501705 -98.07464683869861 100
1623746528474 -114.49851194255055 101
1623746550042 -132.8577944061274 102
1623746578184 -138.69085078132883 103
1623746607029 -114.10573097471192 104
1623746635355 -93.67625532812555 105
1623746670026 -90.08186696297889 106
1623746711256 -48.28620833722654 107
1623746742873 -60.941553731480234 108
1623746804824 -73.78360770064614 109
1623746841908 -125.55722291398115 110
1623746877340 -108.65639401857011 111
1623746922057 -77.17292484382563 112
1623746953094 -138.09791529089767 113
1623746990050 -103.16192454721458 114
1623747023779 -100.99997268397225 115
1623747059490 -122.0951994963417 116
1623747086149 -140.02926474779866 117
1623747121504 -48.614129158311925 118
1623747155495 -152.64066628366254 119
1623747193600 -88.323801502011 120
1623747251869 -75.20383923837518 121
1623747287151 -143.09358300041967 122
1623747327884 -113.0942402050315 123
1623747365705 -88.34757235158658 124
1623747420441 -88.66745526261245 125
1623747466072 -74.85580471021885 126
1623747496216 -102.54793118333359 127
1623747537164 -82.3727967792727 128
1623747573479 -81.72546327720708 129
1623747619979 -150.6175185619479 130
1623747654481 -136.2859211455928 131
1623747689757 -82.29316555125891 132
1623747747445 -88.6119870627554 133
1623747802253 -107.72059716690494 134
1623747842226 -140.47759185867477 135
1623747892286 -91.4182879771462 136
1623747934762 -92.93837188304751 137
1623748017027 -63.70992669884434 138
1623748049209 -143.85162416959474 139
1623748097581 -112.90277225413624 140
1623748146057 -69.91861952515445 141
1623748196445 -88.42453543062433 142
1623748237423 -90.77681830609713 143
1623748286964 -132.11078233032964 144
1623748347240 -76.56664078751317 145
1623748380293 -163.8954202494101 146
1623748431555 -83.56795700282959 147
1623748496112 -67.85176426129522 148
1623748557519 -96.71029768263918 149
1623748628979 -30.811356386509992 150
1623748666963 -113.77773971123501 151
1623748709270 -103.74481950748745 152
1623748753630 -73.57623103821842 153
1623748805828 -83.19108434753177 154
1623748864404 -73.79379058811162 155
1623748903170 -97.97998609614316 156
1623748958204 -107.4282108333824 157
1623748990439 -135.81381796006647 158
1623749023259 -111.901180619309 159
1623749052887 -68.49965339136911 160
1623749083417 -82.97497583424757 161
1623749124069 -44.95065986958677 162
1623749160967 -77.05356457842566 163
1623749214365 -45.88600390917402 164
1623749258011 -102.6947341997047 165
1623749298360 -141.4631730329668 166
1623749340952 -72.95066819192543 167
1623749372002 -122.88610210066318 168
1623749421188 -83.3702629316027 169
1623749455538 -74.85239463849766 170
1623749525872 15.502608906572515 171
1623749556137 -202.4550075383916 172
1623749588077 -157.72857076393305 173
1623749618292 -172.89695244051237 174
1623749663728 -49.723345980116775 175
1623749704493 -104.54134758081833 176
1623749742669 -73.102421111532 177
1623749775650 -109.87507223991201 178
1623749802095 -133.34107140675306 179
1623749837956 -94.25541112060155 180
1623749867145 -145.94706714347114 181
1623749904198 -72.28509067811324 182
1623749941055 -139.36534038253254 183
1623749981607 -123.05301101683094 184
1623750029586 -104.11835095388344 185
1623750071371 -109.48362387953148 186
1623750097846 -136.92284668318217 187
1623750148334 -73.19863287636545 188
1623750199745 -55.032361514502874 189
1623750283692 -44.20356335181051 190
1623750333682 -66.53115849217792 191
1623750386312 -136.14293984872188 192
1623750446271 -91.38667555547548 193
1623750483271 -77.66584728562152 194
1623750519459 -110.20327749873766 195
1623750566444 -94.90667708135946 196
1623750608714 -124.27555828170826 197
1623750658543 -67.09197800647064 198
1623750687937 -118.75955027260184 199
1623750715501 -124.56039363789132 200
1623750742610 -134.5850292545709 201
1623750774355 -63.50538700615632 202
1623750815441 -54.46088722347422 203
1623750856153 -95.55192840846999 204
1623750915778 -54.728909918899475 205
1623750940303 -155.55662388259097 206
1623750984711 -73.13692366281609 207
1623751035136 -68.78782267390922 208
1623751080872 -112.3991696546922 209
1623751120862 -86.88837252921559 210
1623751170973 -69.81175793826552 211
1623751236725 -118.89819056104186 212
1623751275668 -106.01287303099453 213
1623751332335 -84.33922918825887 214
1623751363333 -138.19255672706055 215
1623751402584 -66.63237487178648 216
1623751465326 -51.529701910177664 217
1623751515487 -71.60158745252589 218
1623751577747 -80.7490985326511 219
1623751621818 -108.38256554910053 220
1623751657936 -142.85102536223482 221
1623751702708 -120.73226597007996 222
1623751738459 -101.20104247199352 223
1623751775590 -81.36534317463517 224
1623751807362 -108.11538044152687 225
1623751848344 -78.37480642149941 226
1623751894655 -86.20368130821008 227
1623751940843 -67.67628772990604 228
1623751997340 -77.38558909834573 229
1623752039737 -72.99910423828518 230
1623752076937 -111.0622372960164 231
1623752107633 -104.40325103360082 232
1623752145208 -102.26205228780923 233
1623752202652 -68.3837738939737 234
1623752257244 -91.75450418594296 235
1623752299583 -100.11477119786426 236
1623752377568 -31.422726335555797 237
1623752415684 -100.87157734840369 238
1623752457583 -71.98518923780884 239
1623752488317 -147.60150759515366 240
1623752531754 -101.60567296620549 241
1623752571684 -23.59681852182229 242
1623752606496 -78.24813377250165 243
1623752642177 -153.16296096863513 244
1623752679719 -84.351855612006 245
1623752715518 -159.51674325984126 246
1623752750216 -72.03915720623073 247
1623752781020 -125.36481606918078 248
1623752844880 -60.9940931427122 249
1623752884935 -82.85745948103786 250
1623752909619 -100.79308921868079 251
1623752957438 -88.5760164759646 252
1623753007342 -53.63180091987689 253
1623753068735 -75.22163860998133 254
1623753104967 -86.67044244714998 255
1623753138423 -80.5216688838615 256
1623753176258 -54.20057409160561 257
1623753229642 -43.788123249289185 258
1623753283267 -45.02687170017746 259
1623753307652 -105.8213786720365 260
1623753330307 -137.12006331969678 261
1623753357165 -164.74266571445042 262
1623753396087 -81.7460767428349 263
1623753435372 -132.32800069594936 264
1623753465791 -106.78413025518853 265
1623753523036 -88.59292225139392 266
1623753571006 -72.70885978145948 267
1623753619872 -102.70845820753782 268
1623753664308 -109.6948803027303 269
1623753699041 -64.24695844801879 270
1623753753581 -27.64229412439221 271
1623753799680 -86.53846889359721 272
1623753848114 -89.10406127130807 273
1623753888817 -45.205705470154655 274
1623753963022 -11.697482919870385 275
1623754011313 -71.59558772171764 276
1623754055503 -159.90130787676782 277
1623754093915 -130.18464392823822 278
1623754150636 -84.32341794684795 279
1623754204156 -72.58223629741241 280
1623754247371 -69.49044012453808 281
1623754313635 -78.81063573178585 282
1623754351945 -101.21041069625656 283
1623754390131 -181.98923491187378 284
1623754425812 -73.10728008655376 285
1623754461651 -71.70047573248384 286
1623754505264 -103.40187576480889 287
1623754534904 -79.10624345588201 288
1623754569050 -106.98383174256487 289
1623754631520 -62.53544693036334 290
1623754686131 -43.96591498142059 291
1623754733378 -34.685060175994465 292
1623754775871 -91.0934196721866 293
1623754835342 -48.98827309763844 294
1623754877224 -159.62625804822486 295
1623754918750 -43.01683408224098 296
1623754979530 -103.30913554684894 297
1623755036062 -102.9729335117233 298
1623755074728 -41.29216987625599 299
1623755105134 -141.36550728355198 300
1623755134040 -118.67659543379 301
1623755163749 -151.90408810670183 302
1623755215946 -70.31046016708248 303
1623755262117 -102.20250729463007 304
1623755310210 -33.26176079955989 305
1623755366067 -34.87092753224586 306
1623755410321 -50.522857941801405 307
1623755434349 -152.8571499245193 308
1623755481532 -111.94352735226134 309
1623755525694 -57.14666904962026 310
1623755563304 -92.30496116853098 311
1623755662776 -42.30414950741353 312
1623755727075 -41.55895215410444 313
1623755780031 -70.6006326811204 314
1623755849212 -36.74063617047257 315
1623755877986 -130.55864872791946 316
1623755951963 -36.797193312699065 317
1623756037580 -48.36075562773955 318
1623756070711 -137.4941441375003 319
1623756127070 -62.83533646607706 320
1623756167604 -117.94812699434337 321
1623756208109 -140.155128673445 322
1623756244971 -76.40965694039659 323
1623756283082 -121.17126262640336 324
1623756334075 -68.8234013883507 325
1623756388391 -45.74496646874883 326
1623756427436 -123.60840827364862 327
1623756474605 -88.09449182574829 328
1623756545985 -61.87108717769411 329
1623756605842 -73.57637236409249 330
1623756678304 -45.86646986094248 331
1623756726698 -118.00026959606916 332
1623756750015 -107.6131960409961 333
1623756810044 -34.68888106460848 334
1623756878991 -76.84064181668657 335
1623756944118 -50.67505793036345 336
1623756988534 -99.1599598382408 337
1623757075456 -30.394592940008714 338
1623757128706 -134.90219453072478 339
1623757204279 -45.00636416907546 340
1623757264232 -60.723588086291144 341
1623757302945 -79.33241423578627 342
1623757356770 -69.28367753890707 343
1623757402366 -137.21048412157216 344
1623757460884 -35.476200319051706 345
1623757493578 -155.96008675794025 346
1623757539442 -126.21573371262589 347
1623757574573 -127.63984995235846 348
1623757653413 -34.20622636697127 349
1623757689757 -88.59422157910598 350
1623757725707 -106.17673214730931 351
1623757774107 -79.81776192542372 352
1623757815409 -61.90601671461538 353
1623757865408 -61.219345211863946 354
1623757902697 -71.98720350374711 355
1623757955893 -42.60178721572124 356
1623758012659 -47.840010859837534 357
1623758052018 -121.46059859814257 358
1623758106968 -52.768036275118504 359
1623758161841 -55.41700971796968 360
1623758239700 -60.31037840337202 361
1623758288765 -136.20833321581898 362
1623758348188 -88.56418976909082 363
1623758401780 -73.26407208111138 364
1623758464664 -6.159174580596781 365
1623758533165 -108.6938029122977 366
1623758612683 -53.14953254058234 367
1623758677220 -82.36525351273654 368
1623758740603 -36.744446695910256 369
1623758799626 -40.52482185036688 370
1623758838080 -103.29800855618097 371
1623758877646 -69.33890760430691 372
1623758913679 -83.60599039624942 373
1623758969189 -59.51649060929958 374
1623759040867 -77.52306661518149 375
1623759088250 -118.24603680189027 376
1623759135571 -168.40233678330577 377
1623759185458 -91.11346022610512 378
1623759240322 -120.16891065550809 379
1623759299347 -28.90053669373531 380
1623759335690 -106.29090144801262 381
1623759381049 -121.31253143460056 382
1623759422648 -89.87185397482797 383
1623759471391 -76.10050152509987 384
1623759506898 -84.53821318304026 385
1623759552486 -64.00889578279342 386
1623759601553 -62.97541536033479 387
1623759670147 -49.124745696789226 388
1623759713512 -112.92720605574944 389
1623759781207 -37.95286478657713 390
1623759837694 -44.02762736261418 391
1623759890277 -94.705156854249 392
1623759938465 -85.94795407429856 393
1623759986219 -66.10195380133919 394
1623760046421 -31.79425954440801 395
1623760099835 -109.97743901478479 396
1623760132833 -128.48257445696012 397
1623760191500 -55.50030929950881 398
1623760261239 -4.904618764577282 399
